4683 4854 2339
4102 4443
4102 4384
1347 3457
1658 2854
4102 4266
1801 2196
1392 1921
1003 1039
2951 4003
1591 2329
227 1039
2920 3207
149 1039
1356 2018
1900 2653
4102 4232
1571 3484
1714 3720
3354 3496
4102 4111
4102 4404
688 1039
1551 2916
1250 3267
805 1039
2826 3875
659 1039
1573 1881
3111 4038
1126 2333
615 1039
110 1039
610 1039
148 1039
4102 4480
10 1039
2453 3231
2632 3884
727 1039
345 1039
1902 2918
682 1039
4102 4589
516 1039
2561 2760
4102 4608
2998 3860
263 1039
2448 3601
885 1039
1537 2799
334 1039
3570 4089
2254 3184
530 1039
4102 4252
2441 3748
684 1039
666 1039
1247 3152
4102 4301
900 1039
594 1039
673 1039
942 1039
4102 4170
575 1039
919 1039
2869 4009
4102 4113
1842 2569
291 1039
886 1039
1453 3803
1135 1971
3202 4034
3086 3693
859 1039
4102 4648
2114 3843
363 1039
4102 4115
2741 3545
4102 4245
1183 3188
4102 4253
304 1039
1103 3101
225 1039
330 1039
830 1039
49 1039
984 1039
2234 2867
657 1039
4102 4237
34 1039
2353 2757
199 1039
407 1039
3125 3185
2 1039
2322 2943
4102 4581
1141 3061
1960 2537
4102 4543
464 1039
1679 2859
4102 4543
1481 1706
472 1039
1568 2685
867 1039
1775 2667
3975 4000
3262 3581
1965 3097
943 1039
4102 4271
857 1039
4102 4318
4102 4205
2745 3003
28 1039
2797 2888
2258 2650
817 1039
948 1039
3730 3897
214 1039
2148 2936
3169 3334
417 1039
468 1039
3402 3409
4001 4066
1209 1934
1307 2373
2111 2945
308 1039
173 1039
36 1039
2304 2770
676 1039
1736 2799
1171 1712
4102 4497
4102 4509
2855 3233
1384 1477
660 1039
1584 3243
4102 4207
3472 3478
1540 2867
1037 1039
970 1039
325 1039
1782 2143
4102 4165
1841 3166
2873 3197
1664 1957
601 1039
2889 3350
242 1039
1931 2664
4102 4563
4102 4522
2113 4010
663 1039
2055 3738
695 1039
994 1039
2147 3598
952 1039
716 1039
353 1039
566 1039
667 1039
186 1039
112 1039
1586 2211
4102 4537
4102 4611
1242 3997
389 1039
593 1039
1371 1817
654 1039
1944 4025
4102 4464
903 1039
4102 4398
4102 4355
605 1039
1600 2299
4102 4557
546 1039
880 1039
770 1039
4102 4119
459 1039
2799 2920
275 1039
778 1039
4102 4545
4102 4628
297 1039
1279 3114
298 1039
2089 4033
1403 2811
3673 3993
118 1039
4102 4671
454 1039
1037 1039
861 1039
155 1039
4102 4563
82 1039
590 1039
1388 1778
4102 4499
1032 1039
1892 2693
36 1039
534 1039
178 1039
255 1039
240 1039
2276 4051
2791 4018
434 1039
2301 3821
969 1039
2998 3549
1305 2275
4102 4184
1233 4006
2245 2970
4102 4564
4102 4171
4102 4527
2484 2697
1206 1364
3284 4057
1706 3200
1276 2825
2526 3545
1893 3927
716 1039
1603 3988
4102 4235
1012 1039
1785 2385
1083 2093
4102 4228
655 1039
4102 4524
1455 3265
1567 3287
4102 4409
4102 4188
2677 3218
1726 3127
3738 3774
1251 3748
2432 3517
1001 1039
3157 3479
696 1039
1771 3863
1322 3347
1300 3758
819 1039
3089 3091
121 1039
460 1039
1386 2062
3675 3748
2712 3699
3591 3613
1816 3554
193 1039
2647 3644
1010 1039
139 1039
1060 3920
1119 1538
2740 3979
1151 1469
4102 4323
1139 2168
1176 3997
789 1039
4102 4288
4102 4407
554 1039
2609 3691
592 1039
1382 3369
1110 1904
4102 4143
1998 3950
53 1039
4102 4107
1348 2043
772 1039
478 1039
516 1039
2626 3815
85 1039
4102 4245
406 1039
4102 4616
1623 2001
240 1039
562 1039
861 1039
763 1039
3243 3414
867 1039
330 1039
878 1039
677 1039
107 1039
2677 3820
4102 4609
2270 3843
4102 4251
2066 2955
1505 2105
686 1039
2805 4029
4102 4585
397 1039
4102 4462
655 1039
226 1039
4102 4653
4102 4582
158 1039
395 1039
165 1039
4102 4669
4102 4314
2437 3673
2696 3016
1399 1506
2400 3490
4102 4535
1618 2887
324 1039
296 1039
390 1039
623 1039
323 1039
4102 4594
963 1039
360 1039
2081 3258
2506 3633
680 1039
4102 4133
581 1039
1452 1550
2366 2683
2617 2811
2011 3034
512 1039
2701 3929
236 1039
191 1039
24 1039
2550 3110
4102 4660
4102 4487
199 1039
1472 3728
1119 1504
288 1039
3191 3652
2197 2356
4102 4296
443 1039
1028 1039
209 1039
4102 4155
467 1039
1813 3555
1 1039
1725 2332
134 1039
145 1039
2748 2955
939 1039
2010 3213
2380 3682
4102 4330
688 1039
4102 4363
1700 3297
1189 3462
4102 4180
857 1039
2159 3511
1 1039
2304 2333
307 1039
1948 3276
328 1039
1635 2036
604 1039
1807 3746
1018 1039
734 1039
4102 4298
1679 2334
2662 3652
193 1039
4102 4663
4102 4610
463 1039
902 1039
64 1039
821 1039
229 1039
4102 4585
4102 4113
908 1039
4102 4415
2500 3435
894 1039
2486 3925
3808 3867
583 1039
201 1039
678 1039
2246 3353
1066 1103
1456 3202
313 1039
571 1039
45 1039
1733 3842
2974 3691
960 1039
923 1039
4102 4596
1988 2352
2247 3070
379 1039
590 1039
4102 4165
1500 2841
359 1039
1750 1896
1367 2067
251 1039
4102 4316
812 1039
2333 3656
4102 4333
484 1039
877 1039
4102 4523
3122 3548
474 1039
503 1039
1613 1794
3370 3530
708 1039
455 1039
131 1039
698 1039
4102 4530
1004 1039
1734 2999
702 1039
2424 4074
707 1039
3015 3485
1282 3280
2714 3190
190 1039
239 1039
683 1039
2720 2743
213 1039
2471 3713
190 1039
2090 2453
2870 3086
4102 4540
762 1039
1619 3039
340 1039
1177 4063
4102 4134
2736 3791
4102 4332
1096 3051
1757 2656
111 1039
1254 2803
1240 3881
3222 3687
999 1039
1803 2447
264 1039
272 1039
320 1039
3737 3821
1898 3007
931 1039
4102 4199
237 1039
964 1039
2673 2992
3227 3852
1822 4090
2774 2812
3558 3878
1143 3468
4102 4387
2108 3023
4102 4414
1639 3837
1786 2424
958 1039
4102 4201
1194 2903
1118 3836
4102 4259
1975 3961
1115 2740
2281 2752
3341 3782
4102 4278
130 1039
314 1039
1218 3726
1070 3965
4102 4371
4102 4572
565 1039
1112 3394
26 1039
2756 3622
185 1039
1049 2793
906 1039
928 1039
557 1039
812 1039
325 1039
529 1039
2147 3514
1793 2924
539 1039
70 1039
209 1039
2022 3192
3443 3842
1493 2149
2681 4066
4102 4216
3338 3723
3097 4017
3723 4063
846 1039
1556 2095
4102 4288
3589 3774
3118 3410
1626 1814
3227 3590
145 1039
4102 4223
233 1039
4102 4384
2493 2770
2187 3834
2770 3873
1548 3824
218 1039
1031 1039
1883 3636
4102 4614
2830 3413
2929 3354
4102 4360
2722 3434
1592 2146
1210 3337
4102 4220
2320 2774
2447 3362
4102 4329
4102 4395
421 1039
9 1039
567 1039
3129 3524
3547 4089
1164 2943
4102 4444
2124 3259
1344 2592
526 1039
363 1039
775 1039
511 1039
1193 2014
69 1039
712 1039
377 1039
296 1039
1829 2246
4102 4583
1480 2548
3182 4096
162 1039
854 1039
18 1039
1144 2171
4102 4328
1918 3643
1227 3349
577 1039
26 1039
3111 3343
3173 3226
4102 4647
2458 3309
825 1039
4102 4672
1720 2811
1402 2972
2400 3770
4102 4148
1736 3248
3007 3362
3871 3904
4102 4679
260 1039
4102 4504
4102 4605
1137 3854
374 1039
1182 2002
4102 4184
171 1039
2134 2234
1243 2828
964 1039
1672 2642
2504 2855
4102 4219
1980 3193
4102 4682
391 1039
537 1039
2638 3045
9 1039
2711 2977
1782 2418
4102 4394
2385 2416
4102 4438
1446 1749
1796 2788
4102 4617
730 1039
1091 2001
1612 2828
2310 3095
772 1039
1085 1636
4102 4280
255 1039
1142 3521
427 1039
284 1039
2197 3596
162 1039
4102 4469
4102 4517
1408 2558
549 1039
4102 4545
1359 2668
3323 3761
2084 3727
4102 4234
32 1039
1150 2889
4102 4435
344 1039
208 1039
2807 3717
2824 3808
4102 4217
550 1039
2805 3494
3118 3137
795 1039
2742 2758
2893 3495
3437 4080
1444 3498
1661 2184
891 1039
4102 4142
4102 4565
3272 3865
2798 3689
60 1039
4102 4644
956 1039
2156 3024
2310 3043
3370 3737
2947 3471
1707 4078
509 1039
416 1039
4102 4496
291 1039
961 1039
758 1039
332 1039
1559 2846
3444 3752
854 1039
1915 2575
414 1039
1410 4005
1266 2380
2868 3875
4102 4153
2690 4007
1241 2580
868 1039
4102 4561
4102 4541
4102 4187
1904 2897
110 1039
4102 4511
1 1039
2661 3410
2993 4086
4102 4572
3682 3883
3628 3864
2396 3178
1592 3837
1780 4090
1464 3288
1957 4095
153 1039
2168 2460
163 1039
4102 4298
887 1039
443 1039
1097 2041
4102 4681
57 1039
110 1039
26 1039
3159 3172
1486 1696
1132 3546
530 1039
2557 3346
4102 4361
24 1039
874 1039
630 1039
2815 3067
126 1039
4102 4158
112 1039
526 1039
201 1039
1662 3158
2438 2809
936 1039
1732 3749
325 1039
694 1039
935 1039
1856 3337
208 1039
1157 3392
1363 2563
209 1039
1650 3739
4102 4335
1343 2817
1866 2058
1077 2901
4102 4598
581 1039
218 1039
799 1039
2821 3828
953 1039
3803 3972
3439 3860
1578 3400
521 1039
2377 3135
4102 4163
229 1039
4102 4513
2090 2831
4102 4153
871 1039
453 1039
4102 4450
4102 4420
741 1039
4102 4526
4102 4346
2602 3281
518 1039
4102 4278
2826 2896
66 1039
253 1039
704 1039
1235 3902
135 1039
1857 2084
1069 3545
857 1039
685 1039
1538 2201
4102 4267
979 1039
2880 3255
1857 1936
4102 4529
954 1039
4102 4215
2772 3257
3471 3766
1649 2636
168 1039
4102 4282
432 1039
1537 3608
2422 3484
487 1039
222 1039
4102 4618
87 1039
1908 4006
455 1039
4102 4403
2810 3399
1161 2889
1282 3971
1390 2044
504 1039
2899 3533
3762 3890
2745 3206
2084 2634
1787 3307
2503 3706
4102 4409
1375 3873
3530 3929
594 1039
207 1039
186 1039
4102 4124
58 1039
673 1039
4102 4668
1840 2091
794 1039
1688 4094
1896 2708
155 1039
734 1039
4102 4580
2874 3197
2070 3461
3216 3678
521 1039
399 1039
2371 2889
2000 2111
979 1039
4102 4253
411 1039
1567 2283
1194 3611
4102 4602
1634 3796
4102 4666
1422 2214
2269 3778
1147 2668
1719 3667
1008 1039
3443 3567
998 1039
2464 3306
50 1039
5 1039
4102 4265
1600 4043
4102 4434
522 1039
4102 4481
1720 3911
592 1039
223 1039
336 1039
2816 3402
4102 4178
515 1039
1262 2916
232 1039
2933 3440
1293 3188
301 1039
4102 4117
3571 3872
4102 4633
4102 4525
445 1039
16 1039
84 1039
826 1039
545 1039
321 1039
1337 1580
641 1039
2599 3258
4102 4413
867 1039
538 1039
1229 2929
4102 4579
4102 4547
280 1039
4102 4258
3004 3560
1273 3613
257 1039
621 1039
712 1039
789 1039
4102 4458
4102 4530
338 1039
133 1039
835 1039
4102 4542
1247 2308
3230 3508
2756 3691
1088 3726
268 1039
1953 2164
1539 1584
1071 1955
2213 3740
4102 4632
568 1039
543 1039
4102 4407
702 1039
3124 3808
1346 2734
379 1039
276 1039
2418 3373
2712 3494
464 1039
3132 3941
1868 3550
4102 4104
2492 3441
64 1039
2193 3641
205 1039
730 1039
4102 4299
2439 2618
4102 4277
3379 3747
1782 4032
639 1039
2255 2830
2576 3793
4102 4658
4102 4282
4102 4675
177 1039
4102 4662
209 1039
530 1039
309 1039
1097 3362
651 1039
2898 3373
754 1039
451 1039
4102 4463
4102 4593
796 1039
420 1039
1315 2415
1621 2863
226 1039
695 1039
26 1039
4102 4200
407 1039
75 1039
501 1039
1292 3098
488 1039
814 1039
4102 4542
566 1039
554 1039
383 1039
51 1039
926 1039
2634 3117
2380 3279
295 1039
1700 2975
4102 4129
828 1039
2794 4051
4102 4352
880 1039
786 1039
484 1039
4102 4550
248 1039
4102 4419
438 1039
651 1039
4102 4156
704 1039
927 1039
899 1039
4102 4312
696 1039
2857 3993
2631 3690
2674 3850
1175 2381
3677 3759
1161 3055
315 1039
389 1039
4102 4520
2497 3745
42 1039
3825 3888
4102 4453
461 1039
4102 4403
2704 3840
1827 2264
169 1039
1364 2133
56 1039
434 1039
4102 4626
2718 3934
2361 3315
3184 3807
1166 2387
1469 3098
466 1039
4102 4458
508 1039
2225 3456
326 1039
275 1039
4102 4454
1845 3039
4102 4485
1942 3087
2751 2967
457 1039
957 1039
455 1039
3176 3415
1174 1196
4102 4657
957 1039
4102 4228
539 1039
4102 4366
490 1039
1267 1377
4102 4564
4102 4518
521 1039
1979 2065
81 1039
519 1039
830 1039
5 1039
601 1039
922 1039
4102 4208
4102 4256
529 1039
1944 2399
1194 2588
474 1039
5 1039
4102 4489
1618 3380
2240 3960
567 1039
277 1039
3305 3954
484 1039
218 1039
4102 4340
2935 3807
621 1039
1450 3784
716 1039
320 1039
3180 3913
748 1039
4102 4498
1644 2580
4102 4388
2639 3129
4102 4325
1130 2606
3725 3932
970 1039
14 1039
204 1039
824 1039
1681 1820
387 1039
1533 3182
2168 2285
4102 4400
239 1039
4102 4524
3416 3664
696 1039
4102 4584
1570 3086
4102 4483
4102 4582
4102 4604
1636 3884
4102 4673
471 1039
487 1039
839 1039
1319 3925
4102 4330
2381 4098
882 1039
3657 3950
896 1039
699 1039
1485 2226
2059 2796
1861 3113
1812 1918
4102 4174
579 1039
1294 2405
1767 2086
136 1039
458 1039
2828 3200
853 1039
877 1039
4102 4526
3744 3859
4102 4387
1205 2927
4102 4405
2071 3987
338 1039
3255 3762
43 1039
357 1039
3664 3759
1696 2601
576 1039
3142 3755
2305 3026
529 1039
2036 2872
4102 4672
756 1039
3736 4019
909 1039
3016 3157
4102 4606
1343 2424
609 1039
3367 3437
2435 3040
4102 4301
1120 2453
810 1039
2975 3666
3087 3240
2591 2661
2967 3940
1116 1607
189 1039
471 1039
2197 2949
685 1039
2722 2950
315 1039
2015 3084
586 1039
2533 3178
1931 3778
1636 2872
2513 2677
4102 4595
2105 2153
1668 2648
1244 1394
4102 4292
1605 2805
1644 2795
2063 3032
308 1039
1092 3321
770 1039
1189 2851
519 1039
1006 1039
2944 3463
533 1039
4102 4601
585 1039
1409 1875
572 1039
2616 3242
2463 3009
1826 3152
4102 4584
966 1039
1744 3021
4102 4515
278 1039
2029 3802
4102 4224
1145 3955
4102 4523
3058 3108
4102 4220
427 1039
3885 3952
1168 1453
233 1039
2185 2581
789 1039
414 1039
1217 3491
4102 4345
3098 3491
1171 2648
1925 3288
422 1039
1486 3900
86 1039
802 1039
4102 4126
4102 4287
2799 3295
1478 3355
4102 4478
927 1039
1323 3060
4102 4657
2537 2948
3024 3121
1390 3526
3307 3557
18 1039
2438 2966
4102 4298
3132 3342
4102 4449
1062 3995
4102 4456
582 1039
1955 2662
4102 4104
864 1039
436 1039
1528 2247
615 1039
135 1039
3676 3934
3121 4028
1346 3401
4102 4194
67 1039
771 1039
4102 4473
582 1039
363 1039
445 1039
2924 3627
3426 4037
4102 4677
984 1039
689 1039
907 1039
4102 4622
1344 3669
2677 3934
4102 4118
3016 3173
418 1039
501 1039
4102 4371
224 1039
1166 4004
4102 4389
1855 3181
469 1039
4102 4277
3390 3974
1160 2909
327 1039
2156 2423
4102 4186
741 1039
2071 3212
711 1039
4102 4145
3495 3849
2463 2855
1598 4099
1938 2718
512 1039
2855 3433
3372 3536
3033 3260
113 1039
242 1039
2008 2395
256 1039
648 1039
183 1039
4102 4577
2112 2992
710 1039
2252 2276
2184 2453
1143 1571
4102 4243
1244 1869
427 1039
2447 4095
2908 3047
1476 3070
780 1039
615 1039
4102 4483
3166 3658
210 1039
914 1039
173 1039
1248 1902
1379 1930
1562 3102
2495 3377
2596 2834
2095 3044
1850 3750
3200 3287
3547 4009
702 1039
4102 4514
4102 4651
128 1039
4102 4625
1238 2040
1409 2318
630 1039
136 1039
1119 3597
776 1039
1465 2329
3 1039
694 1039
420 1039
4102 4552
1720 3303
2025 2724
895 1039
953 1039
354 1039
4102 4443
634 1039
147 1039
4102 4372
1045 3349
2537 2837
3148 3241
4102 4424
695 1039
185 1039
1665 2939
953 1039
1442 4016
2644 3013
514 1039
1158 2912
2773 3988
4102 4340
1665 2542
1356 2060
2371 2754
4102 4360
642 1039
1168 4053
4102 4584
4102 4466
533 1039
762 1039
1971 3604
212 1039
1476 3426
421 1039
1161 2105
957 1039
554 1039
231 1039
2271 3330
2710 3078
735 1039
536 1039
4102 4390
399 1039
2486 2642
2770 2771
428 1039
3519 4055
352 1039
1311 1486
413 1039
745 1039
210 1039
831 1039
2013 2420
1376 1722
81 1039
4102 4342
715 1039
4102 4350
1164 1243
2069 4010
1623 2958
1135 2238
660 1039
3322 4073
2165 2797
1272 3351
2796 3853
354 1039
1169 1896
4102 4536
2584 2672
4102 4103
255 1039
2590 4004
1110 1566
745 1039
4102 4113
288 1039
805 1039
499 1039
2873 3400
1507 1952
134 1039
2969 3217
722 1039
2602 2632
1135 2894
1426 1783
26 1039
2618 3476
75 1039
4102 4343
162 1039
489 1039
236 1039
384 1039
1781 3434
1860 3812
1398 3172
4102 4644
4102 4307
4102 4259
2756 2877
872 1039
191 1039
1829 2958
862 1039
2902 3928
1742 3522
865 1039
362 1039
130 1039
2891 3005
408 1039
3459 3773
337 1039
3009 3916
4102 4549
194 1039
4102 4381
2417 2802
542 1039
2630 3473
4102 4673
860 1039
2517 3430
358 1039
3174 3845
2026 2940
4102 4316
4102 4104
65 1039
2843 3660
869 1039
1571 3339
761 1039
2776 3248
739 1039
3454 3887
4102 4350
191 1039
918 1039
2857 3261
24 1039
4102 4310
2769 4061
1882 3409
1181 1953
372 1039
1062 3559
1227 2899
1708 1837
332 1039
3117 3638
1344 3896
1785 3710
1433 1611
1094 1487
409 1039
1953 2400
668 1039
2153 2768
1850 1892
1773 3605
1480 2861
335 1039
2602 2785
4102 4538
1882 2863
395 1039
191 1039
723 1039
4102 4438
1820 4058
477 1039
4102 4203
4102 4220
3973 4024
188 1039
1359 3342
3367 3688
67 1039
1127 2006
4102 4359
2294 2301
233 1039
3719 3980
126 1039
4102 4403
2164 3629
4102 4504
151 1039
3698 4036
4102 4529
2479 3412
4102 4672
1193 2232
331 1039
81 1039
249 1039
1103 1758
2200 2290
3063 3364
1319 3390
498 1039
396 1039
4102 4234
4102 4366
979 1039
403 1039
4102 4504
2076 3441
1757 3003
4102 4429
1926 2529
2331 3789
720 1039
397 1039
450 1039
4102 4320
2026 3776
1580 1588
226 1039
3738 4055
1408 1584
613 1039
1299 2092
824 1039
889 1039
1159 2391
1308 1796
2882 3982
685 1039
302 1039
4102 4335
4102 4377
3202 3371
1975 2496
3682 3928
878 1039
2817 3646
4102 4605
4102 4422
856 1039
4102 4581
1434 3014
3249 3993
959 1039
4102 4269
2093 2929
1563 3484
4102 4295
4102 4429
766 1039
91 1039
2940 4095
4102 4121
364 1039
1904 3026
1217 3917
2331 2945
493 1039
2477 3776
665 1039
2037 2992
1601 2097
4102 4225
2962 3984
4102 4505
2074 2526
574 1039
4102 4562
467 1039
14 1039
958 1039
4102 4584
1491 3630
4102 4222
953 1039
174 1039
943 1039
104 1039
4102 4408
2879 3108
796 1039
751 1039
4102 4445
230 1039
546 1039
4102 4114
278 1039
943 1039
2460 3615
1791 2507
686 1039
405 1039
4102 4441
2604 3886
3416 3616
3115 3675
547 1039
2689 2798
44 1039
1706 2496
640 1039
1291 2128
2740 3688
634 1039
1809 4030
901 1039
307 1039
2274 2704
4102 4193
1837 3719
883 1039
1426 3937
119 1039
2656 2930
625 1039
737 1039
1224 2818
378 1039
3 1039
39 1039
4102 4660
2223 3309
2696 4067
411 1039
4102 4460
650 1039
4102 4341
2287 3891
1399 2156
2329 3408
4102 4545
468 1039
1113 2885
1056 4005
1500 3341
1172 3044
4102 4317
685 1039
1670 1688
808 1039
802 1039
28 1039
1594 4003
111 1039
161 1039
1879 4056
2696 3726
596 1039
2017 3973
2711 3962
4102 4393
699 1039
4102 4427
762 1039
1261 3388
587 1039
295 1039
4102 4293
33 1039
1847 3649
1510 3147
4102 4263
4102 4411
2615 3182
827 1039
590 1039
2410 3748
846 1039
1388 3054
2855 3508
1779 3203
2347 2601
139 1039
893 1039
2536 3475
4102 4443
1800 3909
4102 4276
4102 4246
1587 3944
2543 3690
4102 4456
2793 3737
380 1039
314 1039
681 1039
1419 3316
385 1039
3935 3960
3436 3906
3344 3364
4102 4389
644 1039
1243 3883
1120 3129
1683 3372
20 1039
4102 4622
515 1039
2447 2490
1307 3532
2051 3967
1833 4082
489 1039
496 1039
1743 3522
4102 4386
1387 3981
1633 3761
1954 4083
1647 2508
459 1039
3085 3617
213 1039
2442 3017
749 1039
758 1039
1360 2519
170 1039
244 1039
1566 1698
4102 4221
1574 2147
1360 2786
598 1039
2040 3436
1122 3684
496 1039
689 1039
1427 3496
124 1039
704 1039
2464 3993
2586 3494
1121 1457
387 1039
3146 3318
2447 3626
1770 3743
2397 2737
625 1039
1509 3475
671 1039
1788 3878
1636 4053
423 1039
142 1039
1923 3677
1711 2108
2408 2791
1891 2970
3076 4044
2567 3789
2704 4043
4102 4356
1554 2594
497 1039
1999 3666
4102 4413
163 1039
2851 3496
736 1039
1009 1039
2431 3024
119 1039
2264 3502
623 1039
425 1039
747 1039
1667 3891
3060 4046
210 1039
4102 4233
2179 2781
4102 4576
1250 3383
927 1039
3318 3983
90 1039
1065 1353
208 1039
679 1039
3044 3993
2477 3318
450 1039
2536 3276
681 1039
162 1039
211 1039
1621 2651
190 1039
1835 2082
307 1039
2548 3491
1904 2668
759 1039
4102 4484
423 1039
3181 3353
1633 2338
1594 1783
818 1039
1891 2007
4102 4162
4102 4135
359 1039
10 1039
1436 1623
3074 3721
1144 1454
1778 3288
199 1039
648 1039
3074 3079
2442 3948
595 1039
265 1039
1600 3614
1136 2235
4102 4338
4102 4354
3211 4014
1126 2430
4102 4474
416 1039
991 1039
1733 2680
2058 2957
4102 4370
570 1039
2753 3810
4102 4505
119 1039
1837 2909
1148 3876
1095 1563
4102 4114
4102 4525
188 1039
2610 3206
4102 4489
1161 2705
1707 3875
1877 2676
1667 2505
92 1039
644 1039
2368 3274
70 1039
753 1039
1813 2712
346 1039
1063 2671
1904 2367
603 1039
686 1039
775 1039
817 1039
465 1039
1898 2278
608 1039
634 1039
1959 3706
1023 1039
685 1039
909 1039
4102 4563
2690 3036
2934 3573
156 1039
295 1039
4102 4231
4102 4356
43 1039
4102 4674
4102 4444
4102 4450
1755 2226
26 1039
4102 4571
555 1039
1791 2199
467 1039
787 1039
54 1039
4102 4591
2031 3831
1596 2013
1599 3025
2450 3136
1819 2199
2481 2903
317 1039
743 1039
64 1039
4102 4257
2235 2902
479 1039
1471 3429
1993 3738
1617 3004
4102 4612
419 1039
1683 3386
999 1039
3218 3609
402 1039
699 1039
2099 2643
361 1039
78 1039
1906 2049
1823 2700
1100 3551
4102 4555
4102 4677
369 1039
338 1039
1724 3780
529 1039
1808 3051
623 1039
1176 1453
626 1039
1146 2316
949 1039
148 1039
2219 3300
108 1039
946 1039
111 1039
738 1039
4102 4296
1362 2736
91 1039
2365 2672
2006 2328
3153 3232
88 1039
1993 3976
4102 4645
1527 3571
1736 2533
703 1039
2419 3372
2263 3006
2340 3546
1360 3944
1935 2881
4102 4518
1767 3073
926 1039
466 1039
340 1039
4102 4303
857 1039
778 1039
2582 3173
215 1039
144 1039
1991 2254
2848 3721
1012 1039
3376 3775
338 1039
1147 3199
367 1039
1642 3022
1779 3400
4102 4254
544 1039
3566 3952
1495 3651
4102 4643
30 1039
915 1039
4102 4623
1682 3869
2427 3942
4102 4546
2018 3690
2015 2312
497 1039
504 1039
2080 3499
429 1039
1196 1543
420 1039
2492 3318
2077 3487
229 1039
3382 4060
4102 4383
1965 2082
602 1039
2088 3216
667 1039
164 1039
130 1039
296 1039
4102 4306
88 1039
3362 3782
2298 2415
503 1039
4102 4138
1224 2582
576 1039
117 1039
3352 4031
1982 3449
1198 3682
1102 3511
743 1039
1175 1749
258 1039
1230 1272
703 1039
702 1039
981 1039
4102 4292
4102 4454
2298 3741
2302 3536
1745 3864
4102 4111
4102 4605
740 1039
67 1039
4102 4630
822 1039
905 1039
2445 2994
509 1039
545 1039
3556 3988
318 1039
3261 3619
4102 4362
3089 3659
1788 3658
2748 4002
136 1039
4102 4388
4102 4164
659 1039
1997 2021
1804 3135
808 1039
1557 3883
3575 3773
131 1039
1494 3707
427 1039
343 1039
4102 4362
22 1039
2666 3614
759 1039
4102 4448
2620 3758
1882 3433
401 1039
4102 4574
2120 3258
4102 4359
545 1039
646 1039
1177 3083
296 1039
2715 3960
1265 3565
1270 2245
1220 2164
192 1039
306 1039
1918 2327
1877 2579
4102 4261
1958 2232
139 1039
4102 4205
2338 3993
3505 3981
782 1039
4102 4149
1721 2707
1232 2941
2835 2960
4102 4312
757 1039
93 1039
1970 2001
371 1039
1874 1984
1004 1039
3474 3720
4102 4114
496 1039
2225 3278
1264 3468
30 1039
2081 3148
1764 2758
3470 3552
1665 2623
1364 1478
4102 4234
4102 4612
180 1039
926 1039
4102 4402
846 1039
1313 1645
4102 4289
836 1039
1350 4011
11 1039
3844 4027
962 1039
2118 3909
2368 3076
1503 3846
2071 3097
4102 4160
42 1039
2470 3447
2878 3923
2014 2872
470 1039
1098 2744
2543 3200
1090 2625
2390 2721
599 1039
4102 4597
534 1039
1631 3567
3128 3696
246 1039
1694 1977
218 1039
4102 4221
4102 4324
221 1039
1958 2818
3148 4075
300 1039
3669 4021
4102 4321
1326 2508
4102 4220
2461 2626
4102 4572
3102 3927
203 1039
2185 4019
1260 1997
57 1039
4102 4371
678 1039
716 1039
1791 2014
438 1039
129 1039
2175 3926
1268 2833
4102 4617
1593 2123
4102 4187
1277 3478
632 1039
4102 4310
252 1039
977 1039
764 1039
54 1039
48 1039
1202 1824
372 1039
379 1039
855 1039
4102 4254
845 1039
1036 1039
2560 3152
795 1039
652 1039
197 1039
1747 2183
4102 4533
4102 4428
4102 4163
898 1039
4102 4155
2074 2953
1397 2593
2538 3642
1107 2042
4102 4406
357 1039
894 1039
2011 3316
269 1039
4102 4682
1187 1949
1019 1039
1245 3154
2002 4004
4102 4275
768 1039
2940 3828
849 1039
549 1039
2556 3672
478 1039
4102 4178
2001 3922
3417 3725
540 1039
4102 4326
574 1039
4102 4648
2298 2443
4102 4236
665 1039
2767 3859
2429 2545
4102 4409
2703 3231
313 1039
534 1039
427 1039
2301 4004
166 1039
304 1039
361 1039
1777 2380
823 1039
1588 2210
843 1039
243 1039
3147 3838
466 1039
741 1039
4102 4664
2827 4064
242 1039
2318 3292
1368 3292
75 1039
4102 4580
97 1039
4102 4292
44 1039
158 1039
4102 4335
2275 3084
2179 3090
4102 4453
2451 3377
857 1039
4102 4170
273 1039
38 1039
2487 3292
4102 4199
1365 2220
2849 3726
739 1039
8 1039
792 1039
1535 2926
1018 1039
2484 2686
335 1039
2613 3105
1686 3564
345 1039
489 1039
2373 3869
566 1039
4102 4315
1898 2682
1057 3109
2523 3966
78 1039
138 1039
515 1039
2821 3533
2590 3220
1465 2978
2050 3434
4102 4645
290 1039
2991 3876
3222 3895
343 1039
2210 3083
1483 2551
4102 4633
2832 3874
3371 3601
1733 3594
121 1039
96 1039
673 1039
1093 1761
250 1039
3288 3770
4102 4485
2044 2860
4102 4273
2068 3672
1730 3845
4102 4362
2688 3209
1630 2219
675 1039
2052 2631
717 1039
4102 4603
3033 3089
117 1039
3535 3749
1409 2482
28 1039
1272 3028
1484 3864
157 1039
786 1039
4102 4441
1224 3086
1639 2213
4102 4344
1400 2664
642 1039
2495 3989
4102 4586
409 1039
970 1039
579 1039
2327 3674
4102 4136
623 1039
2045 2391
4102 4108
822 1039
1229 2561
714 1039
747 1039
362 1039
1258 2574
6 1039
468 1039
480 1039
2397 2631
891 1039
1358 1635
369 1039
52 1039
4102 4297
1628 2785
113 1039
2829 3380
4102 4297
622 1039
1555 2807
4102 4557
2173 3840
2750 3310
62 1039
1060 1078
905 1039
1452 2460
966 1039
3028 4009
847 1039
1704 1872
2215 2648
4102 4255
4102 4335
4102 4559
637 1039
431 1039
4102 4343
3641 4044
2242 2410
2902 4013
442 1039
1479 2647
1562 3003
726 1039
2018 2819
2954 3402
822 1039
3001 3316
146 1039
404 1039
40 1039
2183 2981
1197 3312
1587 1810
92 1039
2083 3474
1866 2224
2317 2787
4102 4559
219 1039
4102 4173
4102 4221
2384 2938
61 1039
718 1039
4102 4179
4102 4240
4102 4486
1650 1652
2695 3917
59 1039
1156 3274
3349 3399
790 1039
1186 2636
405 1039
1926 3008
146 1039
1344 3077
1084 3678
707 1039
1908 2533
91 1039
384 1039
4102 4448
1734 2724
1223 3401
807 1039
2368 2742
2393 3930
461 1039
1150 1977
1598 2310
605 1039
4102 4130
586 1039
1516 3084
1935 3033
2845 3768
1785 3060
91 1039
1943 2354
2220 2365
772 1039
3850 4071
1821 2399
847 1039
1743 4098
1021 1039
1027 1039
1773 2006
1113 2104
260 1039
2999 3883
4102 4557
712 1039
4102 4209
1467 1708
1305 1941
1870 3051
627 1039
4102 4434
4102 4359
397 1039
883 1039
4102 4169
608 1039
4102 4235
865 1039
4102 4542
1853 3102
2393 3327
2595 2748
1847 1985
952 1039
1995 2802
1438 3412
2223 4060
184 1039
1432 2839
2936 3924
1684 2460
4102 4573
4102 4106
4102 4393
2828 3673
2697 3148
33 1039
2015 2906
4102 4564
1958 3306
344 1039
4102 4314
398 1039
1784 2622
524 1039
246 1039
4102 4587
273 1039
844 1039
4102 4132
3479 3990
3261 3313
4102 4573
578 1039
4102 4580
1203 2390
435 1039
219 1039
552 1039
1315 3997
3108 3591
2504 2860
265 1039
2725 4059
2259 2653
1430 1787
788 1039
1254 1400
1916 3769
2247 3205
4102 4274
2692 3757
316 1039
1782 2272
4102 4243
4102 4575
119 1039
1066 3213
389 1039
4102 4565
2539 3133
2444 4031
1743 2552
4102 4470
3303 3533
1751 3928
3665 3855
3116 3351
4102 4590
4102 4327
1223 2854
1128 3821
1778 4016
450 1039
40 1039
620 1039
1062 2188
969 1039
1163 2378
440 1039
1509 3340
1534 3892
632 1039
2783 3806
310 1039
2166 3259
4102 4511
1409 1947
2432 2558
1625 2930
4102 4636
2155 3248
1656 3920
859 1039
4102 4581
314 1039
513 1039
1918 2222
1616 3310
194 1039
338 1039
2378 3492
1891 2476
3313 3381
1967 3293
466 1039
4102 4574
630 1039
1721 2647
23 1039
4102 4590
1028 1039
1928 2829
1591 3428
420 1039
1001 1039
3008 3960
1533 2948
4102 4178
806 1039
794 1039
979 1039
4102 4280
780 1039
4102 4637
51 1039
512 1039
365 1039
1820 2762
386 1039
1715 4075
415 1039
1037 1039
1498 4032
4102 4638
4102 4176
1071 1141
4102 4400
1840 2674
1376 2679
365 1039
2446 2497
3147 4099
2892 2914
1306 3046
847 1039
2399 2992
2485 3775
1743 2909
4102 4276
341 1039
373 1039
4102 4246
21 1039
4102 4115
4102 4492
2099 2571
3325 3583
3595 3602
4102 4337
327 1039
1110 1480
4102 4443
4102 4194
2811 4053
2402 2565
354 1039
118 1039
867 1039
225 1039
1732 1753
1104 2740
1145 1558
177 1039
812 1039
71 1039
402 1039
2075 2337
4102 4617
1936 3681
2728 3611
2778 3613
589 1039
548 1039
1273 2007
4102 4431
897 1039
3269 3650
1539 2748
2579 4086
299 1039
1909 2178
1231 1733
207 1039
646 1039
108 1039
1769 2309
1197 3327
643 1039
2140 3573
3002 3516
963 1039
4102 4527
1083 4015
703 1039
2106 3675
1496 1727
4102 4675
4102 4208
1231 2235
4102 4151
1077 2516
1203 3735
1666 2393
213 1039
2915 3357
2637 2957
925 1039
267 1039
1312 3788
944 1039
634 1039
10 1039
2527 2620
1088 3836
636 1039
1249 1891
4102 4290
991 1039
1801 3472
620 1039
355 1039
56 1039
1196 1844
4102 4567
2821 3976
4102 4505
2651 3142
940 1039
4102 4670
1257 1577
4102 4229
4102 4389
2570 2834
2332 2343
662 1039
2593 2725
399 1039
1188 2076
1435 1890
845 1039
1426 3116
3565 3825
2154 2571
2012 3670
863 1039
249 1039
4102 4681
1475 3206
1545 3309
1151 1769
1697 2982
67 1039
876 1039
520 1039
426 1039
1050 3348
818 1039
1036 1039
478 1039
2055 3213
2344 2432
709 1039
2175 3911
2326 3292
1825 2182
1493 1578
3883 3995
4102 4121
355 1039
670 1039
274 1039
2814 3768
4102 4570
724 1039
206 1039
295 1039
728 1039
2291 2379
1589 3481
1285 1648
414 1039
403 1039
610 1039
564 1039
94 1039
1224 2949
4102 4294
771 1039
4102 4337
4102 4655
262 1039
4102 4562
1338 2265
1798 2907
3185 3340
4102 4261
1263 1460
992 1039
828 1039
1008 1039
1766 3050
88 1039
1043 3238
2752 2833
269 1039
1767 1842
1055 1811
1406 3800
870 1039
2015 3810
948 1039
1785 2359
1535 3461
2563 4060
2088 2969
2863 3918
709 1039
2063 2497
2274 3869
2009 3774
4102 4142
670 1039
4102 4609
726 1039
229 1039
2831 3607
1746 4060
4102 4415
52 1039
978 1039
210 1039
2213 2317
995 1039
1011 1039
988 1039
1994 2404
4102 4518
4102 4576
4102 4455
965 1039
4102 4596
1497 2075
1720 3842
1118 1825
1109 3179
4102 4550
2470 3325
722 1039
4102 4566
1236 2883
752 1039
1928 3338
4102 4658
4102 4609
1170 1431
2570 2857
927 1039
4102 4622
89 1039
4102 4458
476 1039
2570 4046
1068 1884
4102 4562
4102 4350
2999 3603
3027 3280
4102 4314
4102 4154
377 1039
1533 2871
407 1039
67 1039
2118 3964
4102 4263
378 1039
653 1039
3412 3691
1971 3002
4102 4447
2109 3364
2103 3065
3163 3595
4102 4682
3674 4057
1904 2667
4102 4290
3393 3505
1122 1668
613 1039
1096 3920
340 1039
1909 3471
123 1039
1372 3662
1683 1934
4102 4530
4102 4565
345 1039
44 1039
3078 4091
868 1039
2029 2304
521 1039
4102 4166
3100 3643
579 1039
143 1039
223 1039
4102 4640
3472 3685
2573 2925
652 1039
1745 1808
2268 2920
4102 4521
4102 4119
4102 4206
3071 3291
1705 4009
1963 3807
899 1039
11 1039
163 1039
2036 3979
1516 4019
1786 4093
4102 4412
2882 3223
65 1039
21 1039
4102 4592
322 1039
115 1039
2129 3914
4102 4257
4102 4337
3033 3252
353 1039
979 1039
4102 4375
1541 3016
3371 4072
1499 3478
2656 2758
4102 4441
4102 4635
2426 3749
1215 3055
550 1039
2 1039
4102 4241
1248 2634
545 1039
123 1039
313 1039
4057 4077
704 1039
4102 4668
388 1039
832 1039
745 1039
883 1039
4102 4115
3048 3398
764 1039
2973 3655
1311 2025
4102 4181
314 1039
2177 3935
4102 4420
4102 4556
1746 3592
4102 4617
4102 4447
771 1039
473 1039
1380 3440
1999 2512
483 1039
4102 4326
4102 4639
4102 4576
432 1039
992 1039
4102 4446
1523 2734
2325 3267
1723 2740
339 1039
2227 2321
3670 3707
1855 2217
1760 3734
814 1039
4102 4541
4102 4383
395 1039
592 1039
1350 2842
1443 2347
2786 3753
4102 4224
342 1039
927 1039
1601 2611
922 1039
4102 4376
1885 2459
2558 3680
2488 3366
4102 4551
4102 4513
1928 2966
4102 4630
3755 4091
2072 4056
1401 3273
11 1039
254 1039
3544 3595
1762 3490
1027 1039
3247 3443
3041 3098
60 1039
2224 3350
1134 2718
4102 4151
541 1039
4102 4669
849 1039
2506 3552
4102 4446
398 1039
2503 2739
407 1039
1602 2801
4102 4365
239 1039
1354 3862
324 1039
868 1039
1623 2342
2292 2545
1895 2209
830 1039
408 1039
672 1039
672 1039
376 1039
522 1039
1098 3356
4102 4350
4102 4326
1531 1616
872 1039
1020 1039
3460 3773
1108 1452
945 1039
1015 1039
1016 1039
4102 4304
377 1039
1344 3912
4102 4156
2958 3200
2546 3351
2166 3221
603 1039
2544 3183
583 1039
1097 2691
2740 3923
1422 3947
1579 3036
4102 4263
560 1039
918 1039
1055 2323
1376 1681
1384 1821
381 1039
964 1039
558 1039
2469 3189
561 1039
595 1039
1436 3151
577 1039
1841 2051
4102 4531
565 1039
4102 4154
4102 4669
833 1039
4102 4519
1468 3085
4102 4265
29 1039
607 1039
933 1039
507 1039
4102 4618
580 1039
1164 2005
2360 3281
995 1039
232 1039
4102 4508
2225 3680
4102 4474
1357 3686
1158 2533
4102 4604
2421 3871
181 1039
1330 3824
4102 4339
4102 4434
645 1039
1773 3021
952 1039
4102 4582
4102 4361
4102 4525
506 1039
1204 1646
168 1039
684 1039
328 1039
741 1039
2769 3800
1185 3675
2457 2740
347 1039
527 1039
772 1039
1226 2491
440 1039
1170 2075
3405 3876
685 1039
193 1039
810 1039
410 1039
4102 4577
358 1039
3147 4069
591 1039
563 1039
414 1039
4102 4407
4102 4338
1385 3330
138 1039
948 1039
1110 4039
4102 4524
2301 2347
111 1039
3007 3841
472 1039
195 1039
158 1039
1007 1039
96 1039
51 1039
336 1039
4 1039
744 1039
4102 4180
3330 3720
4102 4572
903 1039
4102 4486
4102 4294
2837 3102
1587 2413
1849 3677
3858 3918
1417 2098
2666 3838
455 1039
4102 4543
391 1039
1657 3849
384 1039
2399 3752
4102 4596
1694 3813
4102 4350
2090 2960
2938 3913
928 1039
1089 2604
752 1039
2631 4100
1344 1840
2623 3605
1426 3681
984 1039
4102 4144
4102 4634
858 1039
2398 4073
193 1039
66 1039
1524 3346
394 1039
3096 4064
1662 2444
1776 2559
4102 4231
1092 3268
2774 3728
878 1039
1810 2709
482 1039
1479 2266
3746 3882
2263 3089
4102 4481
1274 2820
4102 4309
687 1039
591 1039
727 1039
1474 2413
3016 3828
4102 4115
1144 1381
4102 4260
289 1039
1382 4025
906 1039
4102 4609
366 1039
3331 4060
3 1039
3389 3688
235 1039
689 1039
1689 3896
810 1039
4102 4209
994 1039
752 1039
1446 1573
1715 2329
1199 3879
594 1039
2574 3896
148 1039
1775 4026
1092 3897
1624 3200
596 1039
4102 4573
4102 4487
998 1039
4102 4611
36 1039
469 1039
740 1039
1823 2117
284 1039
363 1039
561 1039
4102 4236
310 1039
743 1039
3204 4030
730 1039
599 1039
1666 2052
4102 4293
148 1039
816 1039
587 1039
129 1039
1929 2011
4102 4497
4102 4427
1731 2088
139 1039
2802 3744
1982 3895
2506 2644
1542 4084
4102 4189
2611 3654
2081 3927
2705 3554
1739 3344
1036 1039
1196 3997
4102 4555
2916 3335
678 1039
867 1039
700 1039
1795 2434
592 1039
1649 2418
2110 2832
414 1039
4102 4273
4102 4295
6 1039
4102 4625
3200 3804
1774 2634
362 1039
146 1039
4102 4620
91 1039
1182 2814
2200 3117
1448 2363
2861 2935
2078 2116
3453 3485
2164 3766
2865 3418
772 1039
686 1039
967 1039
2052 2639
660 1039
1671 2395
1220 4080
2652 3532
922 1039
882 1039
1018 1039
4102 4250
158 1039
1097 3109
850 1039
234 1039
1009 1039
4102 4403
766 1039
430 1039
1517 2222
33 1039
1406 2161
343 1039
15 1039
1022 1039
425 1039
4049 4096
543 1039
1589 3387
2060 2524
2191 4012
1772 2479
4102 4417
2127 3632
2180 3350
602 1039
310 1039
254 1039
1322 3317
784 1039
904 1039
73 1039
2206 3236
1402 1697
1927 3954
2839 3365
35 1039
2102 3269
867 1039
1158 1845
679 1039
1563 1744
34 1039
707 1039
688 1039
4102 4129
4102 4353
2363 3787
702 1039
843 1039
444 1039
581 1039
483 1039
1406 2279
3422 3902
2652 3151
974 1039
366 1039
2708 3561
2186 3652
247 1039
4102 4664
1051 3129
1034 1039
1099 3962
1814 3884
478 1039
2068 3986
1140 3018
2288 2305
4102 4182
1305 2670
798 1039
214 1039
913 1039
4102 4126
1235 2350
1423 2954
578 1039
1008 1039
496 1039
929 1039
650 1039
1108 2482
4102 4372
3464 3993
2794 3749
1769 3591
1479 2766
3228 3998
303 1039
890 1039
448 1039
565 1039
94 1039
187 1039
1282 2513
17 1039
200 1039
351 1039
4102 4473
2910 4031
305 1039
2292 2364
712 1039
1649 3184
4102 4352
4102 4547
437 1039
2974 3857
621 1039
1796 2813
625 1039
269 1039
3131 3432
4102 4318
4102 4436
2055 3255
1226 4004
3991 4056
1079 2360
280 1039
1550 2718
832 1039
2543 3206
2359 3892
4102 4203
2185 2768
654 1039
670 1039
501 1039
2995 3543
3189 3542
4102 4271
110 1039
4102 4568
4102 4448
4102 4551
2400 2906
1272 1621
2098 2964
1242 2418
2716 3414
78 1039
114 1039
4102 4346
4102 4408
4102 4611
1974 3300
370 1039
3088 3637
1804 3981
4102 4575
923 1039
413 1039
1554 2576
3981 4014
4102 4388
1446 3941
142 1039
2941 3958
2504 3743
261 1039
4102 4332
2007 2580
2190 3673
1593 2546
1096 2486
186 1039
2932 4030
1478 2995
1393 2669
501 1039
3053 3183
1587 3412
97 1039
2897 3066
444 1039
2225 3618
1332 3623
4102 4342
905 1039
1051 3526
3184 4096
71 1039
4102 4160
379 1039
166 1039
473 1039
264 1039
717 1039
1365 3014
988 1039
4102 4672
4102 4549
52 1039
256 1039
614 1039
955 1039
4102 4668
1121 3295
386 1039
1412 3134
2260 2642
975 1039
901 1039
403 1039
4102 4580
4102 4397
473 1039
1117 2498
4102 4318
1011 1039
4102 4681
4102 4202
1741 2356
929 1039
2440 2822
2355 3947
3250 4070
2453 2864
1527 2921
1022 1039
551 1039
997 1039
4102 4146
1467 1622
1947 2580
1222 2405
639 1039
2747 3793
1230 3617
119 1039
4102 4512
4102 4390
1048 2814
4102 4298
2607 3274
360 1039
2989 3266
4102 4530
1498 3445
49 1039
1611 1900
1399 2252
4102 4462
320 1039
4102 4226
141 1039
1231 2737
2716 2860
1363 1698
1979 2629
146 1039
1766 3300
2005 3558
4102 4245
4102 4595
2363 3439
4102 4557
1847 3517
2956 3645
3116 3727
2912 3730
57 1039
1660 1821
1164 3843
561 1039
4102 4282
4102 4491
1749 3162
967 1039
824 1039
2302 2908
61 1039
181 1039
1903 2499
4102 4349
1867 3923
1288 2178
2238 2322
1418 3643
2239 3921
4102 4492
2528 3984
2878 3868
1853 3679
1520 2483
4102 4199
982 1039
3146 3937
1897 3271
1746 2032
787 1039
546 1039
2452 2735
275 1039
1669 2037
545 1039
1105 1361
4102 4151
4102 4635
2457 2583
767 1039
2518 2555
963 1039
134 1039
268 1039
721 1039
1809 2806
1857 2235
1241 2504
4102 4488
307 1039
4102 4569
4102 4331
795 1039
3366 3770
1564 1621
2489 3930
1699 2208
1945 3129
63 1039
1524 2371
2258 3087
4102 4375
27 1039
4102 4321
4102 4458
1138 3608
2478 3504
3395 3397
1602 2214
851 1039
4102 4320
517 1039
4102 4131
1193 2470
554 1039
628 1039
1473 3567
4102 4373
1674 1842
203 1039
70 1039
1504 1846
1254 1441
1505 1666
2772 2807
148 1039
604 1039
4102 4343
444 1039
1008 1039
915 1039
965 1039
2603 2631
4102 4518
1444 2867
944 1039
311 1039
1584 1670
1530 2582
823 1039
3076 4041
1634 3352
4102 4631
1350 3738
4102 4340
760 1039
2853 4075
2145 3533
2379 2752
269 1039
2247 3908
3556 4012
236 1039
1608 3792
10 1039
198 1039
634 1039
2709 2758
4102 4510
1795 2281
1817 2352
694 1039
1957 2681
554 1039
1580 4076
2643 2691
2923 3650
1281 1971
1500 1579
1804 3544
660 1039
2158 3908
1603 2595
153 1039
3530 4014
3505 3603
2600 3037
4102 4626
337 1039
1923 2398
2418 3815
2928 3822
894 1039
1242 3990
2424 2785
4102 4343
1468 2398
1022 1039
4102 4577
1323 1357
3615 3906
3155 3552
1845 2438
885 1039
4102 4184
4102 4433
2920 2958
784 1039
1563 3128
2495 3577
126 1039
2934 3325
4102 4239
3196 3423
194 1039
4102 4330
4102 4579
2544 3004
1398 1781
4102 4346
4102 4647
541 1039
4102 4456
236 1039
3428 3830
933 1039
1184 3909
148 1039
734 1039
162 1039
755 1039
659 1039
938 1039
4102 4345
2179 2319
461 1039
1478 3112
99 1039
4102 4514
1417 2336
4102 4267
707 1039
919 1039
1036 1039
4102 4464
3288 3563
3289 3717
964 1039
1701 3424
1592 2927
4102 4587
1009 1039
754 1039
141 1039
397 1039
318 1039
293 1039
4102 4443
1616 2979
1238 2933
1848 2624
4102 4383
4102 4441
352 1039
1033 1039
1624 3557
1038 1039
117 1039
4102 4513
2652 3633
943 1039
4102 4563
975 1039
2639 3422
4102 4509
2449 4005
87 1039
461 1039
279 1039
618 1039
463 1039
539 1039
1309 1477
228 1039
862 1039
757 1039
3552 3779
839 1039
532 1039
26 1039
3284 3902
113 1039
46 1039
2912 3440
764 1039
659 1039
2557 3153
105 1039
4102 4544
1049 3941
74 1039
3991 3995
1826 4062
1023 1039
2488 2723
672 1039
186 1039
594 1039
731 1039
4102 4674
1088 2505
635 1039
423 1039
211 1039
380 1039
3072 3775
2565 3806
315 1039
1602 2492
1696 3144
4102 4455
4102 4613
1239 3762
4102 4642
2236 3614
4102 4416
295 1039
4102 4575
135 1039
2137 2670
270 1039
1872 3017
854 1039
1366 3730
4102 4530
1626 3522
384 1039
1147 1566
3364 3862
1458 3630
182 1039
4102 4134
513 1039
1320 3797
4102 4290
2830 3394
207 1039
1145 3830
217 1039
262 1039
3189 4037
3249 3879
4102 4519
4102 4531
116 1039
4102 4348
575 1039
872 1039
227 1039
213 1039
1073 3136
1763 3345
75 1039
2130 4076
1510 2087
792 1039
3569 3690
1379 1704
137 1039
2294 4061
2155 2239
362 1039
2439 2652
4102 4283
490 1039
703 1039
661 1039
604 1039
2002 2616
627 1039
62 1039
1515 1703
3068 3652
490 1039
517 1039
32 1039
3228 3457
2729 3609
1880 3830
1726 1865
1452 2727
1942 3641
4102 4616
195 1039
1527 3259
1827 3764
4102 4435
3250 3518
4102 4470
3026 3712
3001 4031
1839 2447
1863 1887
2322 3854
707 1039
1143 2127
4102 4355
734 1039
1595 2881
200 1039
2072 3779
405 1039
1846 3546
2037 2338
3214 3877
4102 4369
2190 2247
3683 3954
2223 4012
4102 4612
783 1039
4102 4490
387 1039
4102 4415
823 1039
4102 4384
2080 2901
931 1039
4102 4286
310 1039
493 1039
4102 4121
2061 2933
3170 3452
2721 3627
309 1039
328 1039
933 1039
4102 4442
2687 4000
4102 4639
1420 2676
4102 4653
4102 4372
4102 4636
1571 3388
774 1039
1174 3511
809 1039
1430 3191
4102 4382
2603 3023
1778 2085
1776 2323
1984 1996
4102 4324
407 1039
2521 2986
4102 4661
470 1039
806 1039
1210 1489
3162 3419
1796 2716
1828 3541
1263 1588
526 1039
2351 3499
1577 2101
384 1039
812 1039
68 1039
4102 4470
799 1039
1054 4070
710 1039
684 1039
4102 4134
462 1039
1844 3297
4102 4311
1344 1355
4102 4661
735 1039
1419 2369
3491 3744
234 1039
629 1039
182 1039
4102 4127
908 1039
4102 4567
2950 2968
790 1039
1171 2001
881 1039
242 1039
160 1039
4102 4298
2724 2948
4102 4462
1429 2421
113 1039
4102 4598
2223 3480
1963 3684
3666 3826
623 1039
1598 1855
4102 4479
3729 4100
410 1039
357 1039
17 1039
1143 4008
1529 1874
127 1039
1055 3525
1828 3078
2847 3452
148 1039
1962 2892
2643 3983
104 1039
4102 4610
249 1039
4102 4461
1259 3924
432 1039
2638 2958
4102 4376
134 1039
665 1039
4102 4345
1027 1039
879 1039
1779 2750
623 1039
2364 3577
427 1039
4102 4671
459 1039
771 1039
996 1039
1932 2388
1584 3881
1033 1039
4102 4457
1241 2854
4102 4567
593 1039
4102 4160
2917 3938
1118 2387
4102 4632
4102 4234
982 1039
532 1039
1769 3492
2606 3854
4102 4565
4102 4118
3240 3283
292 1039
1338 1785
874 1039
562 1039
4102 4114
264 1039
1778 3379
1848 3606
4102 4210
1708 1886
2923 3118
4102 4349
869 1039
651 1039
1094 3581
572 1039
266 1039
2958 3001
1957 3898
2629 2654
36 1039
2194 3773
285 1039
160 1039
3596 3982
1054 2724
419 1039
445 1039
942 1039
1035 1039
25 1039
2181 3377
2779 3745
3161 3995
335 1039
2233 2528
922 1039
129 1039
696 1039
454 1039
4102 4291
2988 3945
4102 4197
4102 4368
1499 4010
3043 3850
1533 3610
1846 2280
2394 3158
902 1039
1482 3462
2547 2874
4102 4683
231 1039
4102 4561
24 1039
1972 3461
1924 2967
4102 4244
1216 1653
2342 2510
4102 4360
113 1039
1438 3375
4102 4662
762 1039
2851 3995
214 1039
4102 4350
1825 3106
816 1039
4102 4503
786 1039
343 1039
2228 3640
4102 4158
4102 4301
1987 3549
2243 3695
3397 4086
2815 3969
2858 3198
1864 2448
4102 4216
2145 3110
4102 4360
4102 4434
1937 2002
968 1039
1448 2707
2145 2537
4102 4405
84 1039
867 1039
1415 3067
2587 3577
742 1039
1483 2369
1378 1452
1059 1704
4102 4552
1087 2127
4102 4507
4102 4187
1372 1882
118 1039
3458 3597
3584 3849
4102 4678
469 1039
2356 3129
769 1039
3169 3907
4102 4401
1149 2382
1050 1906
4102 4331
1662 1874
3431 3972
528 1039
2106 4001
1231 3657
2578 3028
4102 4137
1983 2769
1373 2213
4102 4635
707 1039
698 1039
1444 2551
4102 4484
4102 4187
221 1039
38 1039
914 1039
3295 3830
108 1039
3747 3977
2500 2873
4102 4679
282 1039
1506 2418
281 1039
4102 4109
2365 3204
3022 4025
816 1039
2771 3937
2873 3509
540 1039
52 1039
4102 4415
412 1039
4102 4600
3301 3795
943 1039
4102 4173
35 1039
3335 3686
264 1039
1272 1867
4102 4219
1147 3451
4102 4172
76 1039
1013 1039
2494 3975
2631 3517
2114 2154
778 1039
27 1039
137 1039
1314 3680
1519 2602
282 1039
54 1039
2051 3347
593 1039
1894 2089
934 1039
646 1039
966 1039
48 1039
668 1039
2178 3469
2390 2443
4102 4621
998 1039
888 1039
990 1039
4102 4443
4102 4443
4102 4251
4102 4665
836 1039
1413 3139
652 1039
398 1039
4102 4127
809 1039
144 1039
4102 4274
135 1039
4102 4207
607 1039
825 1039
12 1039
4102 4572
851 1039
933 1039
1839 4076
3044 3366
162 1039
3736 4045
3707 4053
1709 2819
4102 4272
2616 3072
2517 3122
1052 4079
4102 4522
484 1039
476 1039
4102 4187
2465 3656
3160 4095
1231 2198
2199 2232
57 1039
1576 3972
2424 2872
1897 3270
2044 3247
1644 2267
4102 4598
72 1039
979 1039
1123 2968
291 1039
2510 2769
1564 2890
4102 4313
1413 3304
1445 2522
541 1039
603 1039
847 1039
170 1039
121 1039
4102 4126
354 1039
4102 4374
1725 3124
730 1039
351 1039
1378 2639
1445 2721
1776 2127
319 1039
1165 2800
1712 3827
2892 3335
727 1039
408 1039
4102 4284
754 1039
355 1039
2410 3006
347 1039
4102 4120
4102 4126
3338 3460
80 1039
2982 3465
2533 2729
1537 3669
331 1039
397 1039
3676 3723
1778 3251
691 1039
1596 2294
466 1039
641 1039
2513 3344
1213 2654
4102 4436
2985 3555
2056 3485
1024 1039
596 1039
373 1039
353 1039
910 1039
694 1039
6 1039
4102 4171
1972 3674
2280 3416
2636 3553
870 1039
681 1039
4102 4633
2696 3345
4102 4228
1196 2525
720 1039
4102 4128
2979 3621
4102 4451
658 1039
2926 3583
4102 4374
90 1039
1781 2322
226 1039
976 1039
482 1039
1278 1486
75 1039
1905 2368
2905 3943
4102 4640
1647 2325
1237 2732
193 1039
789 1039
613 1039
1933 2149
1475 4084
1101 1220
411 1039
361 1039
2148 3242
139 1039
1381 3793
2331 3902
2196 3955
4102 4589
1940 3817
572 1039
4102 4363
777 1039
4102 4610
277 1039
272 1039
501 1039
4102 4574
4102 4268
333 1039
129 1039
1181 2831
2830 3881
444 1039
171 1039
659 1039
275 1039
706 1039
442 1039
4102 4617
3390 3473
738 1039
533 1039
41 1039
59 1039
2546 3871
3072 3779
4102 4162
242 1039
575 1039
1385 3415
1023 1039
558 1039
816 1039
1570 2407
1337 2289
3049 3445
643 1039
4102 4195
4102 4588
212 1039
1537 3523
1792 2809
4102 4633
4102 4597
478 1039
1943 3169
511 1039
948 1039
4102 4339
603 1039
807 1039
221 1039
4102 4232
1761 1938
727 1039
4102 4609
2448 3856
4102 4630
2722 4069
268 1039
4102 4622
795 1039
1249 3711
4102 4149
1487 3195
382 1039
2095 2811
4102 4679
2418 3195
4102 4333
743 1039
1468 3140
4102 4310
2639 2678
4102 4473
862 1039
1824 2740
91 1039
425 1039
371 1039
1709 2944
994 1039
1123 2364
1923 2837
1417 1921
20 1039
1280 3159
3595 3922
4102 4163
825 1039
4102 4120
4102 4672
201 1039
402 1039
1703 2474
3171 3994
4102 4362
156 1039
798 1039
2528 3686
1857 2502
2641 3924
1926 3995
1566 3545
1016 1039
874 1039
668 1039
131 1039
1780 3675
4102 4342
2749 2973
1165 1886
43 1039
4102 4246
1448 2735
1803 4021
1751 2518
2075 2331
1589 2418
4102 4220
2717 3688
822 1039
4102 4293
598 1039
1020 1039
661 1039
4102 4608
387 1039
2855 3867
151 1039
4102 4284
364 1039
65 1039
189 1039
1035 1039
4102 4380
4102 4392
491 1039
598 1039
941 1039
61 1039
2361 2402
115 1039
28 1039
680 1039
2522 3730
3111 3520
885 1039
4102 4549
234 1039
3008 3663
922 1039
658 1039
970 1039
320 1039
156 1039
1288 3164
702 1039
4102 4545
310 1039
2808 3037
1053 3011
2237 3123
4102 4558
2222 2910
245 1039
2297 3377
555 1039
967 1039
1501 2192
142 1039
4102 4670
209 1039
2198 4045
1588 2209
4102 4422
492 1039
2249 2260
1317 3576
45 1039
385 1039
2539 3529
784 1039
4102 4316
4102 4128
407 1039
2070 3950
1947 2664
4102 4548
1197 2736
4102 4186
4102 4358
152 1039
1475 2994
1380 2190
595 1039
1277 2377
143 1039
560 1039
813 1039
2991 3895
420 1039
4102 4464
1845 3604
1526 3627
200 1039
1168 2171
3491 3544
1099 2655
2834 4078
388 1039
1891 3752
254 1039
1266 3288
1236 2194
890 1039
475 1039
980 1039
884 1039
2879 3184
2129 2486
4 1039
618 1039
1430 2226
1800 3281
4102 4511
4102 4253
2268 2554
324 1039
1692 3138
1634 2675
4102 4547
2387 2746
130 1039
540 1039
4102 4474
831 1039
4102 4129
1519 2634
505 1039
75 1039
484 1039
4102 4302
2124 3967
2483 3396
4102 4147
491 1039
2065 2537
2028 3684
1705 3616
4102 4520
630 1039
61 1039
3430 3518
1046 3786
4102 4241
2035 3848
4102 4345
3509 3710
4102 4378
35 1039
4102 4627
2539 3340
108 1039
2395 3709
1295 3027
832 1039
1217 2677
3594 3985
172 1039
4102 4437
2762 3447
949 1039
1386 3715
1173 3553
869 1039
556 1039
1624 2452
3180 3402
803 1039
4102 4648
