4
66 66 0
1 2 1 4 4 4 3 6 3 4 6 10 7 8 4 12 2 17 17 17 12 4 4 18 13 14 1 2 20 29 22 12 1 21 25 2 25 37 35 23 24 12 13 30 30 37 26 33 37 20 44 7 22 4 30 30 8 48 20 13 42 40 32 3 49
12 13815
12 48795
43 70218
61 3982
18 96310
56 28520
10 23257
46 77563
38 16374
33 42427
64 19988
43 50944
37 45470
17 44071
20 83969
10 69073
8 56144
13 1410
14 6403
56 92323
58 83892
1 87521
54 22145
62 47148
27 56365
16 66361
3 8351
20 4416
30 84097
40 17887
27 87714
24 79125
48 88020
46 14695
52 86927
22 61887
41 57357
18 96456
35 85707
28 83
33 44430
27 91637
59 91100
6 96455
61 13503
25 12260
48 54245
21 32719
60 1123
22 62731
8 4621
22 51168
8 1119
1 98365
54 77496
27 304
49 97786
8 35920
53 6411
36 98452
42 9175
63 39289
17 81707
50 46495
38 65371
45 23180
