3
16 66 66
1 2 1 2 4 5 6 5 1 5 4 6 4 1 11
4 11387
7 39962
9 4655
9 98725
13 62439
9 78016
3 9029
5 4438
2 1408
13 52294
6 33762
6 70694
13 51336
10 27166
11 87845
5 55209
6 24224
9 85143
11 70130
12 71406
7 18921
5 65348
14 23687
2 9958
8 10467
5 99764
15 44903
2 28195
3 64208
3 47738
6 1618
4 37110
16 70994
7 96070
12 40585
2 57935
8 62984
12 77161
9 34350
3 34688
5 97395
9 96212
8 25505
2 57913
16 85910
7 11512
16 27780
7 99244
16 26961
1 84774
12 77591
11 22249
1 2436
14 72751
3 64571
7 56994
9 13873
8 12036
15 82545
4 76424
4 17017
7 5079
10 69691
12 30923
8 5501
5 99767
1 13 82811
1 16 19933
2 35
2 10
1 12 96366
1 2 33734
2 46
1 9 43115
1 2 67799
1 4 86706
1 8 14646
1 1 54309
1 7 63434
2 38
1 3 6196
1 9 964
2 36
1 16 16887
2 26
2 73
2 40
2 43
2 70
1 14 91485
1 13 43040
1 10 6289
2 22
1 15 55639
2 69
2 6
2 37
2 66
2 17
2 75
1 10 72731
2 9
1 1 32000
2 20
2 67
2 56
2 57
1 6 14292
1 11 92867
1 3 85644
1 5 83731
1 16 22081
1 14 83773
2 55
2 58
1 16 89106
2 86
1 9 8401
1 8 11560
1 8 82721
1 12 5564
2 96
2 21
1 15 40827
1 5 28798
2 31
1 4 3534
1 13 96833
2 52
2 100
1 4 35270
2 79
