9 1
4
6764 5390 9032 9273
2
18858 12347
1
24181
3
27209 26939 27519
6
4104 3229 3886 4519 7825 4287
12
18883 19179 19338 18513 19316 18694 18803 19183 19042 18909 18925 18453
24
8833 17013 7546 27776 3091 18920 17672 12347 6730 28041 24119 17978 16708 13144 15343 15688 27678 18453 6188 20454 28074 26404 29447 25817
48
6384 5013 14825 13424 14462 11300 9905 14792 6047 14741 7048 11421 11102 14331 12124 6034 8941 12606 5381 9293 9324 9050 14893 14339 9829 13022 14857 12900 11232 7340 4355 5254 9240 9339 14607 6853 12186 12729 11435 13657 5274 11997 10294 11045 12049 6746 5450 7982
97
28134 28053 27645 28023 28138 27978 27874 27940 27978 27650 28049 27826 28106 28041 27742 28072 28187 28009 27768 27912 28218 28253 27698 27792 27734 27702 28003 28110 28024 27934 28282 27683 28115 27874 27638 28235 27743 27697 27730 27706 27848 28102 28180 27799 27909 28081 27830 28111 27889 27640 28002 27926 27645 27929 27816 28207 28155 27855 27842 27901 27955 28195 28195 28276 27633 27894 27614 27911 27934 27985 27936 27719 27657 27980 28207 27985 28030 27913 28283 28001 27806 28207 27922 28209 27796 27737 28007 27795 27943 27681 27755 27880 27918 28253 28161 27950 28020
