1000
7 10
2 9 3
2 6 5
1 10
2 8 4
1 5
1 7
2 5 4
1 9
1 6
1 10
1 8
1 5
1 7
1 4
4 10
2 10 2
2 6 10
2 5 4
2 4 7
2 2 1
1 6
1 5
1 7
5 10
2 5 8
1 6
1 10
1 8
2 4 5
1 5
1 6
1 10
1 8
1 4
6 10
1 10
2 6 5
2 8 4
2 10 4
2 5 3
1 9
1 10
1 6
1 8
1 4
1 5
1 9
6 10
1 9
2 6 1
1 8
2 4 1
2 2 3
1 7
1 9
1 6
1 8
2 2 1
2 3 2
1 7
6 10
1 4
2 5 6
1 7
2 5 4
1 8
2 7 10
1 4
1 6
1 7
1 5
1 8
1 10
4 10
1 5
2 4 9
2 2 8
2 1 6
1 5
1 4
1 8
1 6
3 10
2 4 10
1 6
1 5
1 4
1 6
1 5
5 10
2 5 9
2 7 10
2 1 8
1 4
1 6
1 5
1 7
1 8
1 4
1 6
6 10
1 6
2 1 10
1 8
1 3
1 7
2 1 5
1 6
1 10
1 8
2 3 1
1 7
2 1 2
4 10
2 6 2
1 9
1 4
2 5 3
1 6
1 9
1 4
1 5
5 10
1 9
2 1 5
2 4 7
2 2 10
1 6
1 9
1 5
1 4
1 10
1 6
31 40
2 3 39
1 37
2 6 5
2 38 5
2 4 5
1 3
1 13
1 2
2 23 34
2 15 21
2 10 6
2 3 30
2 11 16
2 8 7
1 24
2 23 17
1 33
2 33 26
2 39 40
2 14 30
2 19 18
2 31 30
2 3 24
1 23
2 8 13
2 6 7
2 21 22
2 26 27
2 1 39
1 31
1 23
2 35 36
1 37
2 6 5
1 38
2 5 4
2 2 3
2 12 13
2 1 2
2 35 34
2 15 14
2 10 6
2 3 4
1 16
2 7 8
2 23 24
1 17
1 33
2 26 28
2 40 39
2 14 15
2 18 19
2 30 31
2 24 25
2 19 20
2 9 8
2 7 6
2 22 21
2 27 26
1 39
2 31 32
2 23 24
6 10
2 10 2
2 10 6
2 5 8
2 6 7
1 5
1 5
1 10
1 6
1 8
1 7
2 3 2
1 5
6 10
2 6 4
1 10
2 4 9
2 5 8
2 5 6
1 5
1 4
1 10
1 9
1 8
1 6
1 5
7 10
1 8
2 1 7
2 10 4
1 7
1 2
1 6
2 9 3
1 8
1 7
1 10
2 4 2
2 3 2
1 6
1 9
6 10
2 2 3
1 10
1 8
2 6 10
2 5 7
2 7 8
2 3 2
1 10
1 8
1 6
2 3 4
1 7
5 10
2 7 5
1 4
2 5 1
2 6 7
1 8
1 7
1 4
1 5
1 6
1 8
6 10
1 10
1 5
1 6
1 9
2 4 6
1 7
1 10
1 5
1 6
1 9
1 4
1 7
5 10
2 3 7
1 5
2 6 9
2 6 3
2 4 2
1 7
1 5
1 9
1 6
1 4
6 10
1 5
1 10
2 5 8
2 4 2
2 4 6
2 9 5
1 5
1 10
1 8
1 4
1 6
1 9
4 10
2 5 9
2 6 4
1 6
1 10
1 5
1 4
1 6
1 10
5 10
1 6
1 4
1 5
1 8
2 9 7
1 6
1 4
1 5
1 8
1 7
6 10
2 3 10
1 6
1 7
2 4 2
1 8
1 2
1 10
1 6
1 7
2 3 4
1 8
2 2 3
5 10
2 5 3
1 6
1 7
2 4 8
2 4 7
1 5
1 6
1 7
1 8
1 4
4 10
1 4
2 5 9
1 6
2 8 3
1 4
1 5
1 6
1 8
4 10
2 10 5
1 6
1 7
2 7 6
1 5
1 6
1 7
2 2 1
6 10
2 8 6
1 10
1 4
1 8
1 7
1 5
1 6
1 10
1 4
1 8
1 7
1 5
6 10
2 6 5
2 7 8
2 8 9
2 8 10
1 4
2 1 6
1 5
1 7
1 8
1 10
2 2 1
1 6
4 10
2 9 3
2 6 5
2 9 6
2 7 4
1 9
1 5
1 6
1 4
4 10
1 5
2 10 4
2 6 4
2 4 6
1 5
1 10
1 4
1 6
6 10
2 9 4
1 7
1 6
2 10 5
2 3 10
2 8 6
1 4
1 7
1 6
1 5
1 10
1 8
6 10
1 6
2 10 8
2 5 9
2 2 7
2 4 3
1 8
1 6
1 10
1 5
1 7
1 4
1 8
5 10
2 3 2
2 5 7
2 6 10
1 5
1 8
2 3 2
1 7
1 6
1 5
1 8
5 10
1 7
2 8 5
1 10
2 7 6
2 4 2
1 7
1 5
1 10
1 6
1 4
4 10
1 9
1 6
1 4
1 5
1 9
1 6
1 4
1 5
4 10
2 1 6
1 5
1 7
1 2
1 6
1 5
1 7
2 2 3
6 10
2 2 3
1 9
1 7
1 6
2 5 4
2 7 8
2 2 3
1 9
1 7
1 6
1 5
1 8
7 10
2 2 10
1 3
2 9 6
1 5
1 7
2 2 8
2 6 9
1 10
2 1 2
1 6
1 5
1 7
1 8
1 9
32 40
2 15 17
2 26 25
2 7 31
2 29 38
2 7 18
1 21
2 33 32
2 11 6
2 25 27
2 15 17
2 28 30
2 37 38
1 16
2 29 12
2 4 14
1 38
2 6 7
1 10
1 19
2 23 22
2 3 8
2 34 25
2 6 5
2 25 31
2 29 39
1 33
2 23 16
1 20
2 23 2
2 27 8
1 3
2 10 35
1 17
2 25 26
2 7 8
2 38 37
2 19 18
1 21
2 33 32
2 11 6
2 25 27
1 15
2 30 29
2 38 37
1 16
2 29 28
2 4 5
2 39 38
2 7 6
2 10 9
2 19 18
2 23 22
2 4 3
1 34
2 5 6
1 31
2 12 7
2 33 32
2 24 23
2 20 18
2 1 2
2 9 8
2 3 2
1 35
7 10
2 1 10
2 4 3
2 2 9
2 1 7
2 2 8
1 10
2 4 3
2 2 1
2 5 4
1 9
1 7
1 8
1 10
2 3 1
4 10
1 9
2 8 6
2 5 1
1 7
2 2 3
1 6
1 5
1 7
5 10
1 5
2 8 3
2 5 10
1 6
2 4 10
1 5
1 8
1 10
1 6
1 4
4 10
1 4
1 6
2 8 7
2 8 5
1 4
1 6
1 8
1 5
7 10
1 6
1 10
1 8
1 9
2 5 7
1 5
2 5 4
1 6
1 10
1 8
1 9
1 7
1 5
1 4
4 10
1 5
1 6
2 4 1
2 9 6
1 5
1 6
1 4
1 9
5 10
2 6 10
2 7 6
2 6 4
1 8
1 5
1 6
1 7
1 4
1 8
1 5
4 10
2 6 4
1 5
1 6
2 10 8
1 4
1 5
1 6
1 8
6 10
2 5 1
2 6 9
2 9 4
1 10
1 9
1 7
1 5
1 6
1 4
1 10
1 9
1 7
4 10
1 5
1 10
1 4
1 6
1 5
1 10
1 4
1 6
6 10
2 8 1
1 7
2 2 4
2 1 10
2 6 7
1 2
1 8
1 7
2 2 4
1 10
1 6
2 2 3
5 10
1 8
2 6 10
1 5
2 7 4
2 4 9
1 8
1 6
1 5
1 7
1 4
7 10
1 10
1 7
1 8
1 5
2 6 4
1 9
1 6
1 10
1 7
1 8
1 5
1 4
1 9
1 6
6 10
1 7
1 4
1 10
1 8
2 5 1
1 6
1 7
1 4
1 10
1 8
1 5
1 6
4 10
1 6
1 5
2 2 3
2 3 7
1 6
1 5
2 1 2
1 7
6 10
1 8
2 8 7
2 10 6
1 1
1 5
2 1 10
1 8
1 7
1 6
2 2 3
1 5
1 10
6 10
1 1
2 2 1
2 9 6
2 4 5
1 6
2 5 7
1 1
2 2 1
2 2 1
1 5
1 6
1 7
6 10
2 8 10
2 10 7
1 6
1 1
1 7
2 3 7
1 8
1 10
1 6
2 1 2
1 7
2 1 3
5 10
1 6
1 5
2 10 6
2 8 4
1 8
1 6
1 5
1 10
1 4
1 8
5 10
2 6 4
1 9
2 1 4
1 8
1 5
1 6
1 9
1 4
1 8
1 5
7 10
1 4
2 3 7
2 9 8
1 10
1 6
1 9
1 5
1 4
1 7
1 8
1 10
1 6
1 9
1 5
6 10
2 10 9
1 9
2 10 6
2 4 5
1 4
2 5 8
1 10
1 9
1 6
1 5
1 4
1 8
6 10
2 10 3
2 8 5
1 1
2 1 7
1 6
2 5 6
1 10
1 8
2 1 2
1 7
1 6
1 5
6 10
1 8
2 2 6
1 3
1 7
2 7 1
2 10 9
1 8
1 6
2 1 3
1 7
2 2 1
1 10
5 10
1 7
2 6 4
2 1 6
1 1
2 8 4
1 7
1 6
2 2 1
2 3 1
1 8
6 10
2 9 5
2 5 6
2 8 10
2 7 2
1 4
2 6 5
1 9
1 6
1 8
1 7
1 4
1 5
7 10
2 8 2
1 6
2 4 5
1 7
2 3 10
2 5 9
2 9 4
1 8
1 6
1 5
1 7
1 10
1 9
1 4
6 10
2 3 2
2 8 6
1 6
1 7
1 9
2 5 1
2 2 3
1 8
1 6
1 7
1 9
1 5
6 10
1 6
1 9
2 8 10
2 4 5
2 8 4
1 10
1 6
1 9
1 8
1 5
1 4
1 10
6 10
2 4 1
2 5 8
1 10
1 9
1 6
2 3 7
1 4
1 5
1 10
1 9
1 6
1 7
5 10
1 7
1 4
2 6 9
2 2 6
2 5 4
1 7
1 4
1 9
1 6
1 5
6 10
1 2
2 4 9
1 7
2 4 1
1 8
1 6
2 3 2
1 9
1 7
2 4 2
1 8
1 6
5 10
2 2 3
2 7 6
2 5 6
2 9 7
2 2 6
2 2 3
1 7
1 5
1 9
1 6
5 10
2 5 9
1 10
2 6 5
1 9
2 4 7
1 5
1 10
1 6
1 9
1 4
5 10
2 4 7
2 5 1
2 8 10
1 10
2 1 6
1 4
1 5
1 8
1 10
1 6
4 10
1 8
2 5 6
2 4 5
2 7 6
1 8
1 5
1 4
1 6
6 10
1 6
2 1 8
2 3 4
2 5 7
2 10 9
2 5 10
1 6
1 8
1 4
1 5
1 9
1 10
3 10
1 5
1 6
1 4
1 5
1 6
1 4
7 10
2 9 5
2 4 7
2 5 4
2 2 5
1 8
1 6
2 5 10
1 9
1 7
1 4
1 5
1 8
1 6
1 10
4 10
2 3 5
2 8 6
1 4
1 9
1 5
1 6
1 4
1 9
6 10
1 4
1 6
2 5 4
2 10 9
2 6 7
2 8 2
1 4
1 6
1 5
1 10
1 7
1 8
6 10
2 8 5
2 9 6
2 5 7
1 10
1 6
2 8 4
1 8
1 9
1 5
1 10
1 6
1 4
6 10
2 2 8
1 3
1 2
2 10 6
2 8 7
1 10
1 8
2 4 3
2 2 3
1 6
1 7
1 10
5 10
1 7
2 6 10
2 5 7
2 9 10
1 4
1 7
1 6
1 5
1 10
1 4
5 10
1 6
2 7 4
2 2 5
1 10
2 2 8
1 6
1 4
1 5
1 10
1 8
5 10
2 4 6
2 7 8
2 5 3
2 1 10
2 7 10
1 6
1 8
2 2 3
2 3 4
1 7
5 10
1 9
2 5 4
2 5 7
2 7 8
1 6
1 9
1 4
1 5
1 7
1 6
7 10
2 8 7
1 7
1 6
2 2 3
2 3 2
2 5 10
2 9 3
1 8
1 7
1 6
2 3 2
2 2 4
1 10
1 9
7 10
1 8
2 5 7
1 5
2 1 3
2 10 7
2 2 6
1 9
1 8
1 7
2 5 4
2 2 1
1 10
2 3 2
1 9
3 10
2 3 5
2 6 3
2 1 4
1 5
1 6
1 4
6 10
2 7 9
1 5
1 8
1 6
2 10 5
1 4
1 9
1 5
1 8
1 6
1 10
1 4
6 10
2 7 3
2 8 7
2 9 6
2 10 6
2 2 4
1 5
1 7
1 8
1 6
1 10
1 4
1 5
6 10
1 6
2 7 3
1 10
2 9 7
2 5 6
1 4
1 6
1 7
1 10
1 9
1 5
1 4
5 10
1 6
2 7 6
2 7 4
2 9 2
2 5 6
1 6
1 7
1 4
1 9
1 5
4 10
2 10 3
1 4
1 5
1 6
1 10
1 4
1 5
1 6
6 10
2 9 5
1 6
2 7 4
2 3 4
1 5
1 10
1 9
1 6
1 7
1 4
1 5
1 10
4 10
1 5
1 6
1 4
1 10
1 5
1 6
1 4
1 10
4 10
2 1 9
2 3 5
2 9 4
2 7 6
1 9
1 5
1 4
1 6
31 40
1 26
1 3
2 26 33
2 13 25
2 4 30
2 4 3
1 21
1 24
2 6 7
2 9 10
1 12
2 25 39
2 31 16
1 2
2 26 7
1 19
2 30 23
1 17
2 3 8
2 28 13
1 36
2 20 35
2 28 31
1 16
1 15
2 6 5
2 29 28
1 29
2 10 11
2 21 39
2 37 9
2 26 27
2 3 2
2 33 34
1 25
2 5 4
2 4 3
2 22 21
1 24
2 7 6
2 10 9
2 12 11
2 38 39
1 16
2 2 1
1 26
2 19 18
1 30
1 17
2 8 3
2 11 13
2 36 37
2 36 35
2 31 30
2 19 20
1 15
2 6 5
2 28 29
2 29 28
2 11 10
1 21
1 37
4 10
2 4 5
1 8
1 6
1 5
1 4
1 8
1 6
1 5
6 10
1 6
2 10 3
2 8 7
2 8 10
1 2
1 5
1 6
1 10
1 7
1 8
2 2 3
1 5
7 10
2 5 2
2 9 7
1 9
2 6 3
2 8 2
1 6
2 6 10
1 5
1 7
1 9
2 2 3
1 8
1 6
1 10
4 10
1 5
2 4 8
2 6 10
1 10
1 5
1 4
1 6
1 10
4 10
2 5 4
1 5
1 10
1 6
1 4
1 5
1 10
1 6
5 10
2 5 10
2 8 5
2 1 4
1 8
1 6
1 10
1 5
1 4
1 8
1 6
7 10
2 4 10
2 1 8
1 7
1 9
2 6 10
2 4 10
2 1 8
1 10
1 8
1 7
1 9
2 3 1
2 5 4
2 2 1
4 10
1 4
1 5
1 6
1 7
1 4
1 5
1 6
1 7
6 10
2 5 9
1 7
2 2 4
1 8
2 6 3
2 10 9
1 5
1 7
1 4
1 8
1 6
1 10
3 10
1 5
1 4
2 6 3
1 5
1 4
1 6
3 10
2 4 5
1 4
2 6 9
1 5
1 4
1 6
5 10
2 1 4
1 9
2 7 5
1 6
1 10
1 4
1 9
1 5
1 6
1 10
6 10
2 1 8
2 10 7
2 7 6
1 5
2 9 5
2 6 7
1 8
1 10
1 6
1 5
2 2 3
1 7
5 10
2 7 5
1 6
2 4 6
2 9 8
2 1 5
1 7
1 6
1 4
1 9
1 5
31 40
1 10
2 40 30
2 2 3
2 23 38
2 17 5
2 19 20
1 37
2 30 31
2 14 15
2 17 16
2 11 12
2 4 10
1 12
2 6 19
2 29 30
2 16 3
1 15
2 15 25
2 28 16
2 8 24
1 21
2 26 31
2 28 26
2 11 39
2 31 32
1 13
2 7 21
1 36
2 5 32
2 10 1
1 26
1 10
1 40
2 2 3
2 23 24
2 17 18
2 20 19
2 36 37
2 31 30
2 15 14
2 17 16
2 12 11
2 6 4
1 12
1 19
2 29 30
2 4 3
2 14 15
2 33 32
1 16
2 24 25
2 22 21
2 26 27
2 28 26
2 38 39
2 33 34
1 13
2 7 8
2 36 35
2 4 5
2 1 2
2 26 27
6 10
2 5 4
2 9 7
2 9 6
1 1
2 7 1
2 8 7
2 4 5
1 7
1 9
2 1 3
2 1 2
1 8
6 10
2 6 4
1 7
2 4 8
2 2 3
1 8
2 10 7
1 6
1 7
2 4 2
2 3 2
1 8
1 10
7 10
1 8
1 9
1 7
1 10
1 2
2 6 9
2 8 5
1 8
1 9
1 7
1 10
2 2 1
1 6
1 5
5 10
1 4
1 5
2 8 7
2 8 7
2 6 8
1 4
1 5
1 7
1 8
1 6
5 10
1 4
1 9
2 8 10
2 10 5
1 6
1 4
1 9
1 10
1 5
1 6
5 10
2 2 4
2 10 5
2 9 6
2 5 6
1 7
1 4
1 10
1 6
1 5
1 7
5 10
1 8
2 4 5
1 7
1 5
1 6
1 8
1 4
1 7
1 5
1 6
4 10
1 10
2 4 3
2 1 5
1 6
1 10
1 4
1 5
1 6
6 10
2 4 8
1 9
2 5 4
1 5
2 10 2
1 6
1 8
1 9
1 4
1 5
1 10
1 6
6 10
1 5
1 6
2 4 6
1 9
2 7 3
2 10 2
1 5
1 6
1 4
1 9
1 7
1 10
5 10
2 4 8
1 7
1 4
2 6 7
2 8 5
1 8
1 7
1 4
1 6
1 5
5 10
1 8
1 6
2 7 4
2 10 5
1 9
1 8
1 6
1 4
1 5
1 9
5 10
2 9 6
2 5 1
1 7
2 4 9
2 6 10
1 6
1 5
1 7
1 4
1 10
6 10
1 8
2 6 1
1 9
1 1
2 2 3
1 7
1 8
1 6
1 9
2 1 2
2 3 2
1 7
4 10
2 5 1
1 4
2 9 7
2 5 6
1 5
1 4
1 7
1 6
7 10
2 5 6
2 6 5
2 10 9
2 7 3
2 1 5
2 10 8
1 10
1 5
1 6
1 9
1 7
2 2 1
1 8
1 10
6 10
2 4 10
2 6 7
2 8 5
2 7 8
2 1 2
2 1 6
1 10
1 6
1 8
1 7
2 3 1
2 1 2
4 10
1 5
2 3 7
1 6
1 4
1 5
1 7
1 6
1 4
5 10
2 5 7
2 7 10
1 8
2 8 4
2 9 6
1 5
1 7
1 8
1 4
1 6
5 10
1 8
2 2 1
1 6
1 5
1 7
1 8
2 1 2
1 6
1 5
1 7
6 10
2 7 6
2 6 7
2 10 8
2 9 4
1 8
1 1
1 7
1 6
2 3 2
1 9
1 8
2 1 2
6 10
2 10 2
1 7
2 9 5
2 9 1
2 2 1
2 7 6
1 10
1 7
1 5
1 9
2 3 2
1 6
6 10
2 8 6
2 2 7
2 3 8
2 1 9
2 1 6
2 10 6
2 3 2
1 7
1 8
2 1 2
1 6
1 10
6 10
2 4 9
1 5
1 2
1 6
1 8
1 7
1 9
1 5
2 1 2
1 6
1 8
1 7
6 10
1 7
2 6 3
2 1 8
1 2
1 8
2 1 10
1 7
1 6
2 2 1
2 2 3
1 8
1 10
5 10
1 4
1 7
1 5
1 9
2 6 9
1 4
1 7
1 5
1 9
1 6
31 40
2 19 26
1 28
1 3
2 31 30
2 29 32
2 3 11
2 9 40
2 33 32
2 21 37
2 30 26
2 25 18
2 2 3
2 24 12
2 11 6
2 7 6
2 5 6
1 7
2 31 2
1 22
1 23
1 28
2 33 8
2 13 3
1 14
1 27
2 20 3
1 4
1 20
2 38 37
2 27 33
2 20 1
1 19
2 26 25
2 4 3
2 31 30
2 35 36
2 30 29
2 40 39
2 13 12
2 22 21
2 14 15
1 18
2 10 3
2 24 25
2 9 11
2 6 7
2 6 5
2 8 7
2 2 1
2 22 21
1 23
2 28 27
2 9 8
2 2 3
2 35 34
1 27
2 16 15
2 4 5
1 20
2 38 37
2 32 33
2 14 13
7 10
2 9 10
1 4
1 8
1 5
2 2 6
1 7
2 10 3
1 9
1 4
1 8
1 5
1 6
1 7
1 10
7 10
1 8
2 2 4
2 1 10
2 5 9
2 1 5
1 6
2 5 7
1 8
2 2 4
1 10
1 9
2 3 2
1 6
1 7
4 10
1 4
2 2 10
1 6
2 10 5
1 4
1 10
1 6
1 5
7 10
1 2
1 6
2 10 4
2 5 8
1 7
2 9 6
2 5 1
2 1 2
1 6
1 10
1 8
1 7
1 9
1 5
5 10
2 4 6
1 8
2 7 9
1 4
2 5 9
1 6
1 8
1 9
1 4
1 5
91 100
2 21 71
2 8 7
2 87 90
1 74
2 95 20
2 72 56
1 75
2 20 16
1 67
2 76 78
1 65
2 92 62
2 36 44
2 26 86
1 38
2 95 66
2 10 18
1 61
2 61 25
1 25
2 21 67
1 46
2 14 13
2 20 94
2 62 76
1 96
1 71
2 34 35
1 2
2 91 19
2 44 85
2 77 76
1 17
1 54
1 72
1 32
2 7 87
2 76 83
1 51
2 94 58
2 86 45
2 5 17
2 88 12
1 96
2 62 63
1 77
2 93 87
2 15 32
2 27 39
1 33
2 23 22
2 94 26
2 48 4
2 57 25
2 73 72
2 76 15
2 68 65
2 1 16
2 75 55
1 31
1 42
2 13 12
2 43 18
2 88 50
1 88
2 57 25
2 92 99
1 28
1 40
2 59 48
2 11 95
1 8
2 12 11
2 84 73
2 40 25
2 3 16
2 99 11
2 57 56
2 26 37
2 64 62
2 9 11
2 81 55
2 53 76
2 4 75
2 80 6
2 56 85
2 14 15
2 82 6
2 88 84
2 48 36
2 81 4
2 20 21
2 7 8
2 87 90
2 73 74
2 98 95
2 56 59
2 72 75
2 19 20
2 66 67
2 78 76
2 66 65
2 92 93
2 81 80
2 86 85
2 38 26
2 66 69
2 11 10
2 60 61
2 62 61
2 27 29
2 67 65
2 46 47
2 14 13
2 95 94
2 60 62
2 94 96
2 33 34
2 35 34
2 2 3
2 92 91
2 86 85
2 77 76
2 17 18
2 54 53
2 72 71
2 36 32
2 7 6
2 76 79
1 51
2 58 56
2 83 82
2 4 5
2 88 87
2 96 97
2 63 62
1 77
2 88 87
2 32 29
2 39 27
2 41 33
2 22 23
2 26 28
2 47 48
2 25 27
2 72 73
2 15 16
2 68 65
2 1 2
2 36 43
2 26 31
2 42 36
2 13 12
2 19 18
1 50
2 40 44
2 26 25
2 100 99
2 33 28
2 40 30
2 49 48
2 96 95
2 8 9
2 11 12
2 81 84
2 30 25
2 16 17
2 11 22
2 56 57
2 30 37
2 62 64
2 10 9
2 54 55
2 52 53
2 4 24
2 80 82
2 56 58
2 14 15
2 6 5
2 88 89
2 48 46
2 4 3
6 10
2 6 7
2 10 3
2 9 1
2 6 3
2 3 2
2 10 5
1 7
1 10
1 9
1 6
2 3 2
1 5
5 10
1 4
1 5
1 10
1 6
1 7
1 4
1 5
1 10
1 6
1 7
29 40
2 26 18
1 16
2 39 38
2 10 19
2 35 27
2 12 2
2 17 2
2 5 6
2 36 17
2 36 30
2 15 36
2 39 15
1 26
1 7
2 3 32
2 37 36
2 3 11
2 8 9
2 36 15
2 5 23
2 34 31
2 4 36
1 3
2 22 21
2 20 10
2 5 4
1 27
1 12
1 14
2 19 18
1 16
2 39 38
2 10 11
1 27
2 2 1
2 33 34
2 6 5
1 17
2 30 31
2 35 36
1 39
2 26 24
2 8 7
2 2 3
2 36 37
2 7 6
2 8 9
1 15
2 23 22
2 32 31
2 36 35
2 3 4
2 22 21
2 1 10
2 4 5
2 27 28
2 12 13
2 25 24
4 10
1 6
1 4
2 4 10
1 5
1 6
1 4
1 10
1 5
193 200
2 147 116
2 23 19
2 1 13
2 70 72
2 162 187
2 184 3
1 15
2 130 149
2 121 101
2 28 6
2 101 62
2 181 66
2 152 105
1 14
1 7
2 59 68
2 50 186
2 179 70
2 7 12
2 7 1
1 158
2 13 194
2 6 46
2 21 110
2 60 105
1 175
2 128 129
2 6 115
2 27 51
1 4
2 179 194
2 12 127
2 143 126
1 107
1 9
2 185 186
1 111
2 120 181
2 70 8
2 9 115
1 14
2 6 4
2 133 134
2 82 73
2 142 141
2 131 69
1 66
1 11
2 161 121
2 60 149
2 166 13
2 13 2
1 123
2 14 58
2 81 11
2 89 14
1 116
2 9 83
2 32 170
1 6
2 115 114
2 20 164
2 13 7
1 15
2 71 110
2 44 139
2 95 140
1 99
2 60 167
2 74 119
2 8 15
2 139 200
1 80
1 57
1 125
1 12
2 193 84
2 34 40
1 157
1 182
2 174 34
2 89 99
2 78 28
2 127 128
2 175 136
1 167
2 4 80
2 85 60
2 60 65
2 191 7
1 128
1 112
2 183 74
2 154 191
2 123 158
2 89 91
2 178 154
2 70 149
2 75 28
2 34 164
2 93 19
2 52 20
2 136 199
2 173 10
2 191 149
1 83
2 160 11
1 192
1 163
1 10
2 172 64
2 14 52
2 3 2
2 175 174
2 57 166
1 172
2 78 58
2 120 121
2 197 161
2 110 25
1 171
2 124 25
1 82
2 145 117
1 148
1 191
2 135 22
2 1 184
2 8 81
2 112 46
2 166 165
2 27 140
2 155 71
2 119 11
1 6
2 132 131
2 117 116
2 1 137
2 7 13
1 150
2 8 38
2 188 183
2 138 181
2 152 24
2 88 3
2 144 93
1 171
2 104 59
1 89
2 157 24
2 67 130
2 12 50
2 29 37
2 136 55
1 167
1 177
2 185 156
2 183 2
2 167 168
2 9 72
2 45 2
2 57 107
1 5
1 1
2 4 6
2 106 117
2 4 95
2 150 16
2 54 66
1 63
2 12 140
1 9
2 152 151
2 69 75
2 123 124
2 142 136
2 2 4
2 169 31
2 95 137
2 151 52
2 132 133
1 67
2 51 86
1 125
2 5 10
1 176
2 28 189
2 157 158
1 79
2 161 160
2 113 114
2 11 1
2 167 115
1 147
2 19 23
2 1 13
2 72 70
2 163 162
1 3
2 7 15
2 149 153
2 121 122
2 6 28
2 101 62
2 108 104
2 104 105
2 14 7
2 3 7
2 59 68
2 186 187
2 175 179
2 12 7
2 7 1
2 108 109
2 13 49
2 46 6
2 51 21
2 61 60
2 176 175
2 128 129
2 6 11
2 51 27
2 4 3
2 194 195
2 12 5
2 143 139
2 106 107
2 9 8
2 185 186
2 110 111
2 182 181
2 8 2
2 115 112
1 14
2 4 6
2 134 133
2 73 71
2 141 142
2 64 69
2 87 66
2 65 77
1 161
2 60 59
2 3 13
2 13 2
2 123 120
2 13 14
2 11 12
2 14 2
2 116 118
2 9 4
2 32 45
2 11 6
2 115 114
2 165 164
2 7 13
2 15 1
2 71 76
2 9 44
2 140 141
2 99 68
2 62 60
2 119 120
2 15 8
2 199 200
2 80 63
2 73 78
1 125
2 75 102
2 194 193
1 34
2 157 156
2 182 183
2 174 177
2 62 89
2 78 83
2 128 127
2 137 136
2 166 167
2 4 13
2 85 60
2 65 60
2 9 7
2 128 130
2 116 112
2 74 68
2 191 192
2 158 159
2 91 89
2 178 180
2 149 150
2 75 94
2 62 92
2 65 70
2 20 58
2 199 198
2 96 83
2 191 196
2 77 82
2 11 2
2 192 193
2 164 163
2 6 10
2 64 59
2 10 14
2 2 3
2 175 174
2 95 68
2 173 172
2 78 97
2 120 121
1 197
2 109 110
2 170 171
1 124
2 98 82
2 145 146
2 148 149
2 190 191
1 135
2 184 185
2 81 59
2 113 112
2 166 165
2 145 140
2 71 93
1 11
1 6
2 131 132
2 117 116
2 1 2
2 7 13
2 150 155
2 13 8
2 188 183
2 95 100
2 148 152
2 88 75
2 141 144
2 171 172
2 104 103
2 90 89
2 157 156
1 130
2 12 13
2 29 37
2 138 136
2 82 84
2 178 177
2 185 182
2 183 184
2 168 167
2 9 5
2 1 2
2 31 57
2 4 5
2 3 1
2 6 4
2 106 105
2 4 3
2 151 150
2 66 59
2 60 63
2 140 139
2 12 9
2 152 151
2 69 75
2 123 124
2 142 143
2 2 4
2 169 166
1 137
2 151 154
2 132 133
2 67 59
2 65 86
2 126 125
2 10 5
2 177 176
2 190 189
2 157 158
2 75 79
2 160 161
2 113 114
2 11 1
2 70 71
6 10
1 10
2 9 2
1 5
2 7 3
1 6
1 4
1 10
1 9
1 5
1 7
1 6
1 4
6 10
1 1
2 1 6
1 6
2 10 1
2 3 7
1 8
2 2 1
2 1 3
1 6
1 10
1 7
1 8
7 10
1 10
2 1 4
1 7
1 9
1 8
2 1 10
2 4 5
1 10
2 2 1
1 7
1 9
1 8
2 1 3
2 4 5
5 10
2 5 7
2 8 5
1 4
1 8
2 4 6
1 7
1 5
1 4
1 8
1 6
5 10
1 5
1 2
1 6
1 8
2 2 7
1 5
2 3 2
1 6
1 8
1 7
6 10
2 8 7
1 4
2 9 5
1 10
2 6 1
2 9 2
1 7
1 4
1 5
1 10
1 6
1 9
5 10
2 10 4
2 5 6
2 4 2
1 7
2 6 5
1 10
1 5
1 4
1 7
1 6
6 10
2 1 3
2 2 10
2 7 5
1 7
1 8
1 6
2 2 1
1 10
2 3 2
1 7
1 8
1 6
5 10
1 4
2 5 1
2 9 2
2 8 10
2 6 2
1 4
1 5
1 9
1 10
1 6
5 10
2 5 10
1 6
2 9 2
2 4 9
2 9 5
1 10
1 6
1 9
1 4
1 5
5 10
2 6 3
2 3 10
2 4 3
2 5 2
1 7
1 6
1 10
1 4
1 5
1 7
4 10
1 6
2 4 8
1 8
1 5
1 6
1 4
1 8
1 5
33 40
2 37 3
2 7 6
2 39 30
2 3 39
2 18 27
2 38 40
2 23 21
2 3 19
2 30 38
1 20
2 6 5
2 25 26
2 38 4
2 12 11
2 39 38
1 31
2 34 18
2 30 18
2 28 8
2 25 7
2 13 12
2 28 27
2 7 36
1 19
1 24
1 8
2 30 31
2 27 15
1 35
2 18 10
2 7 2
2 12 28
2 11 28
2 4 3
2 7 6
2 39 38
2 10 3
1 18
2 40 38
2 23 21
2 2 3
2 31 30
1 20
2 6 5
2 26 25
2 5 4
2 12 11
2 38 39
2 32 31
2 33 34
2 21 22
2 29 28
1 25
2 13 12
2 27 28
2 8 7
1 19
1 24
2 8 9
2 31 30
2 13 14
2 34 35
2 37 36
2 2 1
2 15 12
2 16 11
5 10
1 10
1 6
2 3 4
2 7 5
2 1 8
2 3 4
1 6
2 2 3
1 7
1 8
6 10
1 5
1 9
1 4
1 6
1 7
1 8
1 5
1 9
1 4
1 6
1 7
1 8
27 40
1 21
2 10 39
2 6 5
2 40 39
1 2
2 7 29
2 21 34
1 24
2 26 31
2 20 8
2 36 7
2 16 23
2 8 30
2 39 22
2 19 4
1 3
2 15 4
1 3
2 7 6
2 23 17
2 27 10
1 14
2 28 2
2 10 22
2 14 15
2 18 14
2 37 36
1 21
2 38 39
2 6 5
1 40
2 2 1
2 29 30
2 35 34
1 24
2 13 16
2 9 8
2 8 7
2 17 16
2 8 11
1 22
2 13 19
2 4 3
2 4 5
2 2 3
2 6 7
1 23
2 9 12
2 14 13
2 28 27
2 10 9
2 15 13
2 18 14
2 37 36
5 10
1 4
1 9
1 6
2 6 7
1 5
1 4
1 9
1 6
1 7
1 5
6 10
2 1 10
1 7
2 8 4
1 9
2 5 3
2 8 6
1 10
1 7
1 4
1 9
1 5
1 6
91 100
2 89 16
2 35 88
2 94 31
2 75 39
2 18 21
1 39
2 98 54
2 81 29
1 100
1 51
2 93 32
2 29 9
2 99 55
2 39 54
2 82 52
2 15 14
1 73
1 52
2 48 27
1 48
2 74 40
2 3 76
2 23 34
2 10 1
2 30 32
2 9 63
2 2 67
2 94 44
2 70 71
2 58 59
1 63
1 24
2 5 56
2 55 57
1 16
2 9 37
2 86 66
2 42 47
1 82
1 2
2 12 11
2 53 100
2 35 3
1 22
2 59 10
2 10 38
1 6
2 61 58
1 55
2 25 84
1 18
2 20 40
1 7
2 24 62
1 86
2 86 87
2 100 35
2 75 76
2 23 84
2 31 38
2 97 77
1 77
2 27 11
1 17
2 11 94
2 66 29
2 25 24
1 64
2 11 10
2 30 45
1 91
2 42 47
2 70 69
2 73 34
2 46 34
1 15
2 89 90
2 36 48
2 18 60
2 88 89
2 100 99
2 31 34
2 8 44
2 6 4
2 12 13
2 77 78
1 83
2 31 33
2 33 7
1 70
2 81 88
1 89
2 35 34
2 95 94
2 79 75
2 21 20
2 31 39
2 98 99
2 81 82
1 100
2 50 51
2 93 92
2 29 9
2 55 56
1 54
2 84 82
2 15 14
1 73
1 52
2 24 28
2 48 32
2 39 40
2 76 77
2 23 24
2 1 2
2 32 30
2 10 9
2 67 66
2 94 96
2 70 71
2 59 58
1 63
2 35 47
2 5 4
2 55 57
2 16 17
2 37 44
2 66 68
2 42 32
2 83 82
2 2 3
2 11 12
1 53
2 30 31
2 21 22
2 60 59
2 38 41
2 5 6
2 58 61
1 55
2 26 25
2 14 13
2 19 20
2 8 7
2 63 62
1 86
2 87 86
2 35 36
2 76 75
2 23 22
2 31 38
1 97
2 77 75
2 21 27
2 17 18
2 94 95
2 65 66
2 25 24
2 62 64
2 10 11
2 30 45
2 91 90
2 42 43
2 70 69
2 49 34
2 34 46
2 16 15
2 89 90
2 36 37
2 18 19
2 88 89
2 100 99
2 31 34
2 9 8
2 4 3
2 13 12
2 78 77
2 85 83
2 31 33
2 6 7
2 70 72
2 81 83
6 10
2 7 6
1 5
2 2 10
2 3 4
2 3 8
1 9
1 6
1 5
1 10
1 4
1 8
1 9
3 10
2 6 4
1 5
2 4 2
1 6
1 5
1 4
6 10
2 7 5
2 8 4
1 5
1 9
1 6
1 10
1 7
1 8
1 5
2 1 2
1 6
1 10
4 10
2 2 8
1 5
1 6
2 2 4
1 8
1 5
1 6
1 4
4 10
1 5
1 6
2 5 4
2 9 6
1 5
1 6
1 4
1 9
4 10
1 6
1 5
2 1 4
1 9
1 6
1 5
1 4
1 9
5 10
1 5
1 7
1 6
2 4 2
2 3 9
1 5
1 7
1 6
1 4
1 9
6 10
1 1
2 1 7
2 8 7
2 5 9
1 6
2 8 6
2 1 2
1 7
1 8
1 9
1 6
2 3 1
6 10
2 9 10
2 8 3
1 8
2 6 2
1 6
2 7 3
1 9
2 2 3
1 8
2 2 4
1 6
1 7
5 10
2 9 4
1 8
1 5
1 6
2 5 9
1 4
1 8
1 5
1 6
1 9
6 10
1 7
1 6
2 8 2
2 9 1
1 5
1 1
1 7
1 6
1 8
1 9
1 5
2 1 2
6 10
2 1 8
2 7 10
1 8
2 1 3
2 7 5
1 6
2 3 2
1 10
1 8
2 2 1
1 7
1 6
5 10
2 8 7
1 4
1 8
2 5 4
1 6
1 7
1 4
1 8
1 5
1 6
5 10
1 6
2 6 4
2 10 7
2 4 5
1 9
1 6
1 4
1 7
1 5
1 9
5 10
2 6 10
1 5
2 7 10
2 4 9
2 7 4
1 6
1 5
1 10
1 9
1 4
4 10
1 6
1 5
2 3 4
2 10 6
1 6
1 5
1 4
1 10
4 10
2 2 5
1 6
2 4 8
1 10
1 5
1 6
1 4
1 10
4 10
2 5 7
2 4 7
1 6
2 10 3
1 5
1 4
1 6
1 10
7 10
2 3 1
1 6
1 9
2 7 1
2 7 4
2 5 10
1 8
2 2 1
1 6
1 9
2 2 3
1 7
1 10
1 8
5 10
2 9 7
1 8
2 2 5
1 9
1 6
1 7
2 2 1
1 5
1 9
1 6
5 10
1 5
2 2 1
1 7
1 8
1 6
1 5
2 3 2
1 7
1 8
1 6
5 10
2 7 9
1 6
2 5 4
2 2 3
2 8 4
1 7
1 6
2 3 2
2 2 4
1 8
4 10
1 5
2 8 4
2 4 9
1 6
1 5
1 4
1 9
1 6
5 10
1 4
2 6 4
2 5 9
1 7
2 9 7
2 3 2
1 6
1 5
1 7
1 9
7 10
1 9
1 6
1 8
2 5 10
1 7
2 10 1
2 3 10
1 9
1 6
1 8
1 10
1 7
2 2 1
2 3 1
4 10
1 8
1 6
1 4
2 7 5
1 8
1 6
1 4
1 5
5 10
1 10
1 6
2 2 7
2 9 3
1 5
1 10
1 6
1 7
2 2 3
1 5
5 10
2 3 8
1 6
1 7
1 4
2 5 9
1 8
1 6
1 7
1 4
1 5
6 10
2 8 10
2 8 6
2 7 3
2 9 5
2 9 5
1 1
1 8
1 6
1 7
1 5
1 9
2 1 2
4 10
2 5 8
1 7
1 4
2 6 7
1 5
1 7
1 4
1 6
6 10
1 5
2 9 1
2 4 7
2 6 10
1 7
2 6 5
1 5
1 9
1 4
1 10
1 7
1 6
6 10
1 10
1 9
1 5
1 8
2 8 6
2 1 7
1 10
2 4 3
2 3 2
1 8
1 6
1 7
6 10
1 5
2 7 1
1 9
2 7 8
2 9 6
2 2 3
1 5
1 7
1 9
1 8
1 6
2 2 3
4 10
2 4 9
1 8
2 5 7
2 10 6
1 4
1 8
1 5
1 6
7 10
2 7 10
2 3 10
2 6 3
2 4 2
1 8
2 6 9
2 3 2
1 7
1 10
1 6
2 2 4
1 8
1 9
2 3 2
5 10
2 8 7
1 5
1 4
1 6
1 10
1 8
1 5
1 4
1 6
1 10
5 10
2 2 3
2 5 4
2 6 9
1 9
2 7 8
2 3 2
1 5
1 6
1 9
1 7
5 10
1 6
2 9 10
1 4
2 3 8
2 5 8
1 6
1 10
1 4
1 8
1 5
6 10
2 5 7
1 6
1 8
2 8 10
1 5
2 5 4
1 7
1 6
1 8
1 10
1 5
1 4
4 10
1 10
1 5
2 6 9
1 4
1 10
1 5
1 6
1 4
6 10
2 8 3
2 4 10
2 8 7
2 8 6
2 8 5
2 7 1
2 3 2
1 10
1 8
1 6
1 5
1 7
6 10
1 9
1 10
2 9 5
2 2 6
1 8
2 6 4
1 9
1 10
1 5
1 6
1 8
1 4
4 10
1 4
2 5 2
1 7
1 6
1 4
1 5
1 7
1 6
6 10
1 8
2 5 10
2 7 1
1 9
1 6
2 9 4
1 8
1 5
1 7
1 9
1 6
1 4
7 10
2 8 10
2 9 2
2 5 8
1 7
2 1 4
2 2 6
2 5 8
1 10
1 9
1 8
1 7
2 1 2
1 6
1 5
4 10
2 6 8
1 5
2 9 5
1 4
1 6
1 5
1 9
1 4
5 10
2 10 8
2 2 7
1 6
1 4
2 4 5
1 8
1 7
1 6
1 4
1 5
7 10
2 8 7
1 10
1 4
2 1 6
2 9 5
2 7 5
2 8 3
1 7
1 10
1 4
1 6
1 9
1 5
1 8
5 10
2 5 7
1 7
2 3 10
2 10 2
2 4 6
1 5
1 7
1 10
2 3 2
1 6
4 10
2 10 6
2 6 9
2 5 1
1 4
1 6
1 9
1 5
1 4
33 40
2 23 8
1 31
2 8 32
2 16 20
1 4
2 27 40
1 27
1 29
1 9
1 29
2 21 11
2 14 9
2 36 13
1 23
2 17 14
2 5 6
2 7 6
2 37 34
2 15 4
2 37 6
2 32 26
2 9 3
2 3 10
1 2
2 26 3
2 22 23
2 34 35
2 16 22
1 28
2 23 2
2 24 25
2 7 8
2 37 39
2 9 8
2 32 31
2 31 32
1 20
2 5 4
1 40
1 27
2 29 30
2 9 12
1 29
1 21
2 14 15
2 36 35
1 23
2 17 14
2 6 5
2 7 6
2 33 34
2 16 15
2 8 11
1 26
2 3 2
2 10 9
2 18 15
2 4 3
2 13 14
2 35 36
1 22
1 28
2 2 1
2 25 24
2 7 8
1 37
3 10
2 6 2
1 5
2 4 1
1 6
1 5
1 4
5 10
2 4 8
1 5
2 1 7
1 6
1 9
1 4
1 5
1 7
1 6
1 9
7 10
2 1 3
1 6
2 4 7
1 10
2 9 5
2 2 1
1 8
2 3 1
1 6
1 7
1 10
1 9
2 1 2
1 8
5 10
2 5 8
2 4 10
2 8 6
1 9
1 10
1 5
1 4
1 6
1 9
1 10
7 10
1 9
2 7 3
2 5 7
2 5 6
1 3
2 5 8
1 10
1 9
1 7
1 5
1 6
2 3 2
1 8
1 10
6 10
2 10 4
1 9
1 10
2 5 6
1 7
1 5
1 4
1 9
1 10
1 6
1 7
1 5
5 10
1 8
1 5
2 6 4
1 6
2 4 7
1 8
1 5
2 1 2
1 6
1 7
35 40
2 38 30
2 18 15
2 25 10
2 22 20
2 6 3
2 29 28
2 11 16
2 10 7
1 36
1 37
2 13 6
2 18 38
1 19
1 17
2 35 15
2 39 37
2 35 33
1 28
2 1 2
1 27
2 36 33
2 20 36
1 6
2 20 25
2 22 21
1 24
1 5
1 23
2 28 25
2 37 30
2 18 40
2 7 8
2 33 35
2 32 17
2 22 8
1 38
2 14 15
2 26 25
2 30 31
2 4 3
2 29 28
2 6 11
2 10 7
1 36
2 37 38
2 7 6
1 18
1 19
1 17
2 12 13
2 37 39
2 34 33
1 28
2 2 1
1 27
2 33 34
2 2 3
2 9 6
1 20
2 21 22
1 24
2 2 5
2 24 23
1 25
2 9 12
1 40
2 7 8
2 33 35
1 32
2 8 14
3 10
1 6
2 5 6
1 4
1 6
1 5
1 4
6 10
1 6
2 3 7
1 5
2 10 1
2 9 7
1 4
1 6
1 7
1 5
1 10
1 9
1 4
4 10
1 9
1 5
1 4
1 6
1 9
1 5
1 4
1 6
4 10
1 6
2 5 4
2 7 10
1 5
1 6
1 4
1 10
1 5
5 10
2 5 6
1 4
1 8
1 5
1 9
1 6
1 4
1 8
1 5
1 9
5 10
1 7
2 10 4
2 6 1
1 9
1 5
1 7
1 4
1 6
1 9
1 5
6 10
1 8
1 9
1 6
2 8 1
1 7
2 2 3
1 8
1 9
1 6
2 2 1
1 7
2 3 2
6 10
1 10
2 4 1
2 8 6
1 8
1 1
1 7
1 10
2 3 1
1 6
1 8
2 2 1
1 7
5 10
2 4 10
2 10 8
1 7
1 6
1 5
1 4
1 10
1 7
1 6
1 5
5 10
2 9 6
1 10
1 4
2 6 9
1 5
1 6
1 10
1 4
1 9
1 5
5 10
1 9
2 5 7
1 6
1 8
1 4
1 9
1 5
1 6
1 8
1 4
5 10
1 6
1 9
2 4 8
2 10 1
1 5
1 6
1 9
1 4
1 10
1 5
6 10
2 7 10
2 10 1
2 4 2
2 6 5
2 9 5
1 8
1 7
1 10
2 2 1
1 6
1 5
1 8
4 10
2 8 5
1 7
1 6
1 4
1 5
1 7
1 6
1 4
5 10
2 6 9
2 4 7
1 5
1 1
1 6
1 9
1 4
1 5
1 1
1 6
3 10
1 6
2 7 5
2 4 6
1 6
1 5
1 4
34 40
2 25 21
2 23 24
2 6 5
2 34 11
2 20 19
1 11
2 33 28
2 17 25
2 13 12
1 8
2 27 5
1 3
1 32
1 1
2 4 38
2 17 39
2 23 21
2 39 16
2 26 29
2 39 31
2 7 30
1 33
2 22 12
1 16
2 10 32
2 7 6
1 18
2 30 29
2 3 23
2 7 39
2 39 38
2 21 20
1 2
2 2 36
2 26 25
2 24 23
2 6 5
2 35 34
2 19 20
2 11 10
2 29 28
2 27 25
2 13 12
2 8 9
1 27
2 2 3
1 32
2 1 12
2 5 4
1 17
1 23
1 39
1 29
2 32 31
2 7 8
1 33
2 23 22
1 16
2 9 10
2 7 6
1 18
2 30 29
2 3 4
2 39 40
2 38 37
2 20 21
2 1 2
2 35 36
4 10
1 6
2 8 5
2 8 10
2 2 4
1 6
1 5
1 8
1 4
5 10
2 10 4
1 5
2 4 1
2 10 6
2 7 3
1 10
1 5
2 1 2
1 6
1 7
4 10
1 5
2 9 10
1 6
2 5 4
1 5
1 9
1 6
1 4
5 10
1 10
2 10 6
2 5 9
2 4 5
2 1 7
1 10
1 6
1 5
1 4
1 7
5 10
1 4
2 7 9
2 8 10
2 6 8
2 3 5
1 4
1 9
1 10
1 6
1 5
5 10
1 8
1 6
2 6 4
2 5 7
2 7 1
1 8
1 6
1 4
1 5
1 7
4 10
1 4
1 6
1 5
1 8
1 4
1 6
1 5
1 8
5 10
2 4 7
2 6 5
2 9 5
1 2
2 10 1
1 7
1 6
1 5
2 2 3
1 10
5 10
2 9 7
2 9 5
2 7 5
1 6
1 4
1 7
1 9
1 5
1 6
1 4
4 10
1 6
2 4 3
2 10 9
1 5
1 6
1 4
1 9
1 5
32 40
2 10 31
1 26
2 32 40
2 2 4
1 11
2 6 5
2 19 35
2 10 18
2 9 17
2 23 24
2 12 14
1 37
1 29
2 3 38
1 33
1 24
1 3
2 35 17
2 13 19
1 21
2 10 3
2 32 23
1 9
2 31 4
2 2 29
2 16 31
2 24 22
2 20 16
1 24
2 35 32
2 27 10
2 23 7
2 31 30
2 27 26
1 40
2 1 2
2 11 10
2 6 5
2 13 10
2 18 10
2 11 17
2 10 15
2 11 14
2 37 36
1 29
2 7 6
1 33
2 25 24
2 4 3
1 35
2 17 19
1 21
2 3 2
1 23
2 8 9
2 4 5
2 10 12
2 30 31
1 22
2 16 10
1 24
1 32
2 26 27
2 8 7
5 10
1 8
2 3 7
2 6 9
2 1 8
1 7
1 8
2 2 3
1 6
2 4 2
1 7
7 10
2 1 7
2 3 9
1 8
2 6 9
2 1 9
2 5 6
1 10
1 7
2 3 2
1 8
1 6
1 9
1 5
1 10
5 10
2 5 1
1 6
2 2 5
2 6 7
2 8 9
2 2 1
1 6
2 3 2
1 7
1 8
6 10
1 7
2 9 4
2 6 8
2 2 3
1 6
2 2 4
1 7
1 9
1 8
2 2 3
1 6
2 4 2
7 10
2 9 10
2 4 7
2 9 6
1 6
1 5
1 8
1 7
1 10
1 4
1 9
1 6
1 5
1 8
1 7
6 10
2 4 3
1 5
2 4 8
2 7 5
1 6
2 10 4
1 4
1 5
1 8
1 7
1 6
1 10
4 10
1 6
1 8
2 4 10
2 3 5
1 6
1 8
1 4
1 5
4 10
1 7
1 4
2 6 9
2 10 5
1 7
1 4
1 6
1 5
5 10
2 5 3
1 4
2 6 1
1 7
1 9
1 5
1 4
1 6
1 7
1 9
5 10
2 9 4
1 6
2 5 9
1 8
1 5
1 4
1 6
1 9
1 8
1 5
4 10
2 5 7
1 6
2 5 10
2 5 7
2 1 2
1 6
1 5
1 7
3 10
2 8 5
1 6
1 4
1 5
1 6
1 4
5 10
1 5
2 9 4
1 6
2 9 8
1 8
1 5
1 4
1 6
1 9
1 8
6 10
2 10 9
1 8
2 6 4
1 7
2 9 5
2 6 9
1 10
1 8
1 6
1 7
1 5
2 1 2
7 10
1 9
2 5 8
1 10
2 10 6
1 5
1 4
2 10 7
1 9
1 8
1 10
1 6
1 5
1 4
1 7
7 10
1 6
2 9 1
2 10 7
1 10
1 5
2 2 8
2 4 6
1 6
1 9
1 7
1 10
1 5
1 8
1 4
5 10
2 4 9
2 6 3
1 9
2 10 9
2 5 2
1 4
1 6
1 9
1 10
1 5
6 10
1 3
2 2 9
2 8 1
2 6 8
2 7 8
1 1
2 3 1
1 9
1 8
1 6
1 7
2 2 1
6 10
2 7 8
1 7
1 5
2 2 1
2 10 5
2 6 2
1 8
1 7
1 5
2 2 1
1 10
1 6
6 10
2 8 9
1 5
2 8 6
1 9
2 1 10
2 4 10
1 8
1 5
1 6
1 9
1 10
1 4
5 10
2 9 7
2 8 5
1 4
1 10
2 6 5
1 7
1 5
1 4
1 10
1 6
5 10
2 7 2
2 6 3
1 8
2 10 4
2 5 7
1 7
1 6
1 8
2 3 4
2 2 3
5 10
2 8 5
2 6 4
1 10
2 9 1
2 8 6
1 5
1 4
1 10
1 9
1 6
4 10
2 7 10
2 3 4
2 4 5
1 6
1 7
1 4
1 5
1 6
5 10
1 9
1 5
1 10
2 3 4
1 6
1 9
1 5
1 10
1 4
1 6
5 10
1 4
2 10 9
1 6
1 5
2 1 9
1 4
1 10
1 6
1 5
1 9
4 10
2 3 6
2 10 4
2 8 5
2 5 1
1 6
1 4
1 8
1 5
5 10
2 4 3
2 10 5
1 6
2 2 5
2 8 10
1 4
1 10
1 6
1 5
1 8
6 10
1 7
1 6
1 4
2 5 6
1 10
2 2 9
1 7
1 6
1 4
1 5
1 10
1 9
5 10
2 4 1
2 7 5
2 10 5
2 2 8
2 6 7
1 4
1 7
1 5
1 8
1 6
4 10
1 8
2 4 7
1 5
1 6
1 8
1 4
1 5
1 6
4 10
1 6
2 9 4
1 5
2 7 9
1 6
1 4
1 5
1 9
5 10
1 8
2 1 5
2 4 1
2 10 8
2 6 1
1 8
1 5
1 4
1 10
1 6
4 10
2 3 6
1 5
1 9
1 4
1 6
1 5
1 9
1 4
3 10
2 3 5
1 6
2 4 2
1 5
1 6
1 4
5 10
1 8
1 5
1 4
1 6
2 2 10
1 8
1 5
1 4
1 6
1 10
6 10
1 6
1 7
1 8
2 7 1
2 1 2
2 9 5
1 6
1 7
1 8
2 1 3
2 1 2
1 9
5 10
1 4
1 7
2 4 5
2 10 6
2 9 5
2 3 2
1 7
1 5
1 6
1 9
6 10
1 8
2 4 5
2 10 8
1 2
1 7
2 6 9
1 8
1 5
1 10
2 2 3
1 7
1 6
7 10
2 4 7
1 5
1 6
2 8 7
2 10 1
2 3 9
1 4
1 7
1 5
1 6
1 8
1 10
1 9
1 4
5 10
2 2 4
2 8 4
2 4 5
1 9
1 6
1 4
1 8
1 5
1 9
1 6
6 10
1 6
2 5 9
2 10 7
1 9
1 8
2 3 7
1 6
1 5
1 7
1 9
1 8
2 3 2
4 10
1 6
2 10 2
2 4 10
2 8 5
1 6
1 10
1 4
1 5
3 10
2 2 4
2 6 2
1 5
1 4
1 6
1 5
30 40
2 3 30
2 26 14
2 21 1
2 34 38
1 8
2 8 15
2 13 2
1 31
2 11 8
1 24
2 20 19
2 6 29
2 20 5
1 17
2 33 10
2 31 14
2 3 25
2 39 34
2 37 22
1 19
2 29 26
2 33 8
2 16 22
1 30
2 30 25
2 3 2
1 17
1 10
2 22 17
2 38 37
2 4 3
1 14
2 1 2
2 38 39
2 8 9
1 15
1 13
2 32 31
2 8 11
2 23 24
2 20 19
2 28 29
2 20 21
2 28 30
1 33
1 31
2 27 25
2 34 33
2 23 22
1 19
2 26 25
2 7 8
2 35 36
2 7 6
2 4 5
2 2 3
2 17 18
2 7 10
2 16 17
2 37 38
5 10
2 7 6
2 10 4
1 8
2 9 5
2 7 4
1 6
1 4
1 8
1 5
1 7
7 10
1 9
1 6
1 7
2 9 8
2 1 4
2 10 6
2 5 2
1 9
1 6
1 7
1 8
1 4
1 10
1 5
5 10
1 6
2 1 10
1 8
1 4
1 5
1 6
1 10
1 8
1 4
1 5
6 10
1 5
2 2 1
2 10 6
2 6 9
2 9 3
1 7
1 5
2 1 2
1 10
1 6
1 9
1 7
91 100
2 75 76
2 45 21
2 79 29
1 6
1 77
1 19
2 70 97
2 96 97
2 91 99
2 56 58
2 29 5
1 9
2 69 64
1 94
2 95 96
1 26
1 98
1 56
2 37 36
1 3
1 59
1 91
2 67 69
2 44 42
2 39 47
1 65
2 5 67
1 12
1 28
2 39 45
2 19 18
1 38
1 40
2 66 89
2 82 81
2 68 11
1 10
2 18 17
2 14 15
2 60 72
1 54
1 66
2 46 5
2 99 84
1 88
2 1 78
1 80
1 85
2 17 16
2 17 9
2 55 40
1 53
2 95 93
2 27 76
2 13 86
2 61 59
2 40 50
2 19 9
2 9 31
2 82 45
1 23
2 15 16
2 62 34
1 73
1 60
2 15 36
2 36 39
2 71 70
2 48 36
2 20 68
2 99 100
2 78 81
1 7
1 2
2 55 51
2 35 40
2 99 30
1 52
2 12 36
2 38 42
2 80 78
2 68 89
2 22 40
1 37
1 13
1 83
2 90 19
1 74
2 25 29
1 59
2 97 8
2 75 76
2 22 21
2 77 79
2 6 5
2 77 78
2 20 19
1 70
2 96 97
2 39 49
2 56 58
2 5 32
2 10 9
2 63 64
2 94 93
2 96 95
2 25 26
2 98 99
2 56 57
2 37 34
2 3 4
2 60 59
2 91 92
2 69 67
2 42 44
2 39 47
2 64 65
2 67 68
2 13 12
2 28 27
2 45 43
2 19 18
2 36 38
2 40 43
2 89 88
2 82 84
2 11 12
2 10 11
2 17 18
2 14 15
2 73 75
1 54
2 66 65
2 5 4
2 98 99
2 88 90
2 2 1
2 46 39
2 87 85
2 16 17
2 29 17
2 55 56
1 53
2 93 95
2 26 27
2 86 85
2 59 61
2 40 50
2 9 8
2 31 9
2 82 83
2 23 24
2 16 15
2 34 33
2 72 73
2 62 60
2 35 36
2 39 36
2 70 71
2 48 36
2 21 20
2 99 100
2 81 78
2 6 7
2 2 3
2 55 56
2 40 35
2 30 28
1 52
2 35 34
2 42 38
2 78 80
2 68 67
2 22 23
2 41 37
2 14 13
1 83
2 91 90
2 74 73
2 25 24
2 59 60
2 7 8
6 10
2 2 10
2 8 7
2 5 4
2 4 6
1 6
2 9 3
1 10
1 8
1 5
1 4
1 6
1 9
33 40
2 18 19
2 36 9
2 5 37
2 16 14
2 34 29
1 8
2 17 16
1 40
2 11 12
2 32 40
2 7 6
1 34
2 12 33
2 11 17
2 10 31
2 27 30
2 6 5
2 12 23
1 33
1 22
1 28
2 13 12
1 24
1 3
2 11 15
1 36
2 9 30
1 3
1 30
2 7 25
2 2 29
2 27 4
2 14 11
2 19 18
1 36
1 37
2 14 16
1 29
2 8 9
2 17 16
1 40
2 11 12
1 32
2 6 7
1 34
2 12 18
2 25 26
2 31 32
1 27
2 5 6
1 23
1 33
1 22
2 27 28
2 13 12
1 24
2 2 3
2 20 15
2 15 11
2 2 10
2 3 4
2 30 29
2 8 7
2 2 1
2 4 5
2 14 11
5 10
1 4
1 10
1 9
1 5
1 6
1 4
1 10
1 9
1 5
1 6
5 10
2 7 10
2 6 9
2 8 7
2 3 2
1 5
1 7
1 6
1 8
2 2 3
1 5
27 40
2 11 26
2 9 33
2 39 37
2 4 3
2 30 29
2 8 12
1 6
1 23
2 40 16
2 22 26
1 35
2 16 2
2 17 20
1 38
1 18
2 2 3
2 5 8
2 18 40
1 7
1 1
1 23
1 29
2 5 14
1 32
2 6 10
1 33
2 10 5
2 9 11
2 33 31
2 37 39
2 4 3
2 30 29
2 9 12
2 13 6
2 23 24
2 19 20
2 26 25
1 35
1 16
1 17
2 37 38
1 18
2 3 2
2 5 8
2 21 22
2 7 5
2 1 2
1 23
2 28 29
2 5 14
2 31 32
2 10 6
2 9 8
2 5 6
5 10
2 8 3
2 6 4
1 2
1 8
2 7 8
2 3 2
1 6
2 4 2
1 8
1 7
5 10
1 8
2 2 4
2 4 6
2 2 9
2 7 2
1 8
2 2 4
1 6
2 2 3
1 7
6 10
2 9 10
2 9 6
1 8
2 10 3
2 9 7
2 4 7
1 9
1 6
1 8
2 2 3
2 4 2
1 7
4 10
1 4
2 5 1
2 7 6
2 9 2
1 4
1 5
1 6
1 9
4 10
1 10
2 7 4
1 6
2 5 3
1 10
1 4
1 6
1 5
4 10
2 5 10
2 3 4
2 6 7
2 6 5
1 5
1 4
1 7
1 6
5 10
2 5 3
2 8 2
1 8
2 7 3
2 4 6
2 3 4
2 2 1
1 8
1 7
1 6
7 10
2 6 3
2 7 4
2 3 10
2 8 4
2 9 4
2 5 4
2 9 7
1 6
1 4
1 10
1 8
1 9
1 5
1 7
5 10
2 7 4
2 5 3
2 1 6
2 10 1
2 4 10
1 7
1 5
1 6
1 10
1 4
5 10
1 8
1 5
2 8 7
2 4 2
1 6
1 8
1 5
1 7
1 4
1 6
4 10
1 6
2 5 6
1 4
1 9
1 6
1 5
1 4
1 9
4 10
2 10 4
1 8
2 9 6
1 5
1 4
1 8
1 6
1 5
7 10
1 6
1 7
2 5 8
1 10
2 4 8
1 5
1 9
1 6
1 7
1 8
1 10
1 4
1 5
1 9
7 10
2 7 2
2 5 4
1 9
1 8
1 10
2 10 4
2 6 2
1 7
1 5
1 9
1 8
1 10
1 4
1 6
29 40
1 20
2 23 6
2 26 23
1 17
2 15 35
1 27
2 9 8
2 14 12
2 39 2
2 17 32
1 36
1 31
2 10 39
2 10 11
2 7 6
2 12 13
2 33 5
2 24 4
1 38
2 24 3
2 29 5
2 35 3
1 3
1 7
2 23 3
2 21 23
1 22
1 15
1 23
1 20
1 23
1 26
2 17 12
2 35 36
2 15 14
2 8 9
2 12 14
2 1 2
2 33 32
1 36
1 31
1 39
2 9 11
2 6 7
2 12 13
2 5 10
2 4 5
2 18 12
1 24
1 29
2 3 4
2 3 2
2 7 8
2 38 37
1 21
1 22
2 16 15
2 6 5
32 40
1 25
2 35 2
2 11 24
2 39 38
2 37 30
1 28
1 3
2 18 39
2 24 38
2 33 22
1 32
1 38
2 7 6
2 30 8
2 10 3
1 4
1 7
2 4 5
2 20 21
1 33
2 15 31
2 13 35
2 35 9
2 14 37
2 13 31
1 40
2 39 2
2 13 30
1 28
2 2 17
1 18
2 26 9
2 24 25
1 35
2 11 10
2 39 38
1 37
1 28
2 2 3
2 19 18
2 23 24
1 22
2 32 33
1 38
2 6 7
2 31 30
2 4 3
2 5 4
2 7 8
2 4 9
2 20 21
2 33 32
1 15
2 35 36
2 5 6
1 14
2 30 31
1 40
2 2 1
1 13
2 29 28
2 16 17
1 18
2 26 27
4 10
2 6 5
1 4
2 4 5
1 7
1 6
1 4
1 5
1 7
4 10
1 4
1 5
1 10
1 6
1 4
1 5
1 10
1 6
5 10
1 6
1 5
2 6 8
2 4 2
2 7 1
1 6
1 5
1 8
1 4
1 7
6 10
2 8 7
2 6 3
2 3 2
1 5
1 9
1 10
1 7
1 6
2 1 2
1 5
1 9
1 10
5 10
2 2 10
2 5 8
2 8 10
1 7
2 7 6
2 2 1
1 5
1 8
1 7
1 6
7 10
1 8
1 7
2 6 10
1 5
1 4
1 9
1 10
1 8
1 7
1 6
1 5
1 4
1 9
1 10
6 10
1 4
1 10
1 6
2 1 9
1 8
2 1 5
1 4
1 10
1 6
1 9
1 8
1 5
6 10
2 2 9
2 8 3
2 1 5
1 6
2 3 1
1 7
1 9
1 8
2 2 1
1 6
2 3 1
1 7
31 40
2 20 40
1 22
1 31
2 20 17
2 8 7
1 18
1 32
1 38
2 36 37
2 20 14
2 26 3
1 23
1 28
1 20
2 35 36
2 10 29
1 16
2 29 26
2 5 6
2 3 29
1 30
1 19
2 6 7
2 25 2
2 31 35
2 15 4
2 21 39
2 3 9
2 13 12
2 39 33
2 22 15
2 12 14
2 24 22
2 31 32
1 17
2 7 8
1 18
2 31 32
1 38
2 36 37
2 19 20
2 2 3
1 23
2 28 29
2 21 20
2 36 35
2 12 11
1 16
2 26 27
2 5 6
2 4 3
2 30 29
2 19 20
2 6 7
2 2 1
2 11 10
2 4 5
2 40 39
2 3 9
2 12 13
2 33 31
2 23 22
4 10
2 3 8
2 1 4
1 5
2 6 7
1 8
1 4
1 5
1 6
28 40
2 27 9
1 12
1 23
2 35 2
2 36 16
1 11
1 1
2 18 40
2 23 12
2 2 3
2 12 37
2 7 16
2 35 39
2 22 29
2 17 5
1 10
2 24 28
2 25 30
2 33 30
1 6
2 8 7
2 33 32
2 6 4
2 3 4
2 36 37
2 37 4
1 34
1 3
2 27 26
2 22 21
1 23
2 35 34
2 18 16
1 11
2 2 1
1 18
1 12
2 2 3
1 37
2 17 16
2 39 40
2 29 31
2 4 5
1 10
1 28
1 25
2 30 29
2 20 19
2 7 8
2 32 33
2 4 6
2 13 15
2 37 36
2 38 37
2 13 14
2 3 4
3 10
2 3 5
2 4 9
1 6
1 5
1 4
1 6
5 10
2 7 5
1 10
2 6 8
2 8 7
1 4
1 5
1 10
1 6
1 7
1 4
5 10
2 7 4
2 4 10
2 5 7
1 6
1 9
1 4
1 10
1 5
1 6
1 9
6 10
2 2 4
2 1 7
2 5 2
2 9 10
2 6 10
2 6 9
1 4
1 7
1 5
1 9
1 10
1 6
6 10
2 10 2
1 4
1 7
1 5
1 6
1 8
1 10
1 4
1 7
1 5
1 6
1 8
6 10
2 4 8
2 6 8
1 5
2 7 8
1 7
1 9
1 4
1 6
1 5
1 8
1 7
1 9
30 40
1 25
1 20
2 26 27
1 12
2 40 39
1 1
2 39 14
2 32 33
2 16 15
1 31
2 10 3
2 33 34
2 11 3
1 5
2 3 2
2 19 20
1 31
2 4 3
2 23 39
2 18 33
1 5
1 8
2 17 15
2 23 22
2 26 38
2 19 37
1 24
2 13 6
2 33 21
2 27 28
1 25
2 20 19
2 26 27
1 12
2 40 39
2 1 2
2 14 15
2 32 33
2 15 16
1 31
1 10
2 33 34
1 11
2 5 7
2 3 2
2 20 19
2 30 31
2 4 3
1 39
2 33 32
2 6 5
2 8 6
2 14 15
2 22 23
1 38
2 37 36
2 25 24
1 13
2 21 22
2 27 28
6 10
1 10
2 4 8
2 4 9
2 3 5
1 7
1 6
1 10
1 8
1 4
1 5
1 7
1 6
6 10
2 7 9
1 7
1 5
1 8
2 6 7
2 3 2
1 9
1 7
1 5
1 8
1 6
2 3 2
7 10
1 6
2 7 6
2 1 2
2 5 8
2 5 9
1 10
2 3 1
1 6
1 7
2 1 2
1 8
1 9
1 10
2 1 3
6 10
2 7 2
1 4
2 9 5
2 7 9
2 10 8
2 10 6
1 7
1 4
1 5
1 9
1 8
1 6
5 10
2 5 8
1 6
2 4 5
2 2 10
2 4 7
1 5
1 6
1 4
1 10
1 7
6 10
1 10
2 2 10
1 5
1 9
2 6 8
1 7
1 10
2 1 2
1 5
1 9
1 6
1 7
6 10
2 9 3
2 2 9
1 7
1 6
1 8
2 1 6
2 2 3
1 9
1 7
1 6
1 8
2 1 2
5 10
1 6
2 3 4
1 5
2 9 8
2 8 2
1 6
1 4
1 5
1 9
1 8
5 10
1 10
2 9 6
1 4
2 9 5
2 8 5
1 10
1 6
1 4
1 5
1 8
7 10
1 7
1 7
1 6
1 8
2 5 10
1 9
1 6
2 2 4
1 7
1 6
1 8
1 10
1 9
2 3 2
4 10
2 6 7
1 7
1 4
2 1 5
1 6
1 7
1 4
1 5
6 10
1 7
1 6
1 8
1 1
1 9
2 1 8
1 7
1 6
1 8
2 2 3
1 9
2 1 2
7 10
2 4 8
2 1 10
2 4 5
2 2 3
1 9
1 1
2 7 8
1 8
1 10
2 5 4
2 2 3
1 9
2 1 2
1 7
6 10
2 9 3
2 6 10
1 1
2 9 7
2 7 1
2 8 7
1 9
1 6
2 1 2
2 1 3
1 7
1 8
6 10
2 2 7
1 4
2 8 2
2 6 10
2 5 1
1 9
1 7
1 4
1 8
1 6
1 5
1 9
4 10
2 5 10
1 6
1 4
1 7
1 5
1 6
1 4
1 7
3 10
2 2 5
1 4
1 6
1 5
1 4
1 6
5 10
1 5
2 1 9
1 6
2 8 2
2 4 8
1 5
1 9
1 6
1 8
1 4
5 10
1 6
2 3 2
2 7 5
1 5
2 8 9
1 6
2 3 2
1 7
1 5
1 8
5 10
2 4 2
1 8
2 6 8
1 7
1 5
1 4
1 8
1 6
1 7
1 5
5 10
2 1 10
1 5
2 10 6
2 8 4
1 7
1 10
1 5
1 6
1 4
1 7
6 10
2 1 2
2 6 9
2 9 7
1 3
2 6 2
1 8
2 1 2
1 9
1 7
2 3 2
1 6
1 8
4 10
1 9
2 4 1
2 6 2
1 5
1 9
1 4
1 6
1 5
7 10
2 5 9
1 8
2 7 4
2 10 6
2 1 6
2 6 5
2 6 7
1 9
1 8
1 4
1 10
1 6
1 5
1 7
31 40
2 3 24
2 11 10
2 34 33
1 31
2 39 15
2 17 26
2 6 15
2 6 23
2 21 33
2 10 12
2 28 29
1 4
2 4 3
2 11 14
1 36
2 14 24
2 7 6
2 18 10
2 16 12
2 27 10
2 4 38
2 11 20
2 12 28
2 30 25
2 2 9
1 10
1 22
2 5 6
2 2 21
2 15 11
2 24 36
2 2 3
2 10 11
2 33 34
2 30 31
1 39
1 26
2 8 6
2 24 23
1 33
2 12 10
2 29 28
2 4 5
2 4 3
2 14 11
2 10 9
2 23 24
2 7 6
2 10 18
2 16 12
1 27
2 38 37
1 20
2 12 17
1 25
2 2 1
2 12 13
1 22
2 5 6
1 21
2 15 11
1 36
7 10
1 7
1 9
1 4
2 3 6
2 8 6
2 5 1
2 10 3
1 7
1 9
1 4
1 6
1 8
1 5
1 10
5 10
2 5 1
2 9 7
1 2
2 7 5
1 6
1 5
1 9
2 2 3
1 7
1 6
5 10
1 9
1 5
1 6
2 2 1
2 2 7
1 9
1 5
1 6
2 1 2
1 7
6 10
2 5 10
1 9
2 5 1
1 6
1 7
1 5
1 10
1 9
2 2 1
1 6
1 7
1 5
3 10
1 6
1 5
1 4
1 6
1 5
1 4
33 40
2 39 38
2 8 28
1 30
1 21
1 24
2 40 8
1 15
2 31 36
2 26 27
1 15
2 34 29
1 23
1 16
2 5 33
2 14 12
2 33 23
2 35 37
2 15 7
1 17
2 2 25
2 37 34
1 7
2 7 6
2 7 2
1 7
2 38 25
1 3
2 17 30
2 5 6
1 3
2 6 22
1 4
1 23
2 38 39
2 9 8
1 30
1 21
1 24
1 40
2 9 10
2 36 35
2 27 26
2 13 15
2 28 29
1 23
2 13 16
2 34 33
2 12 14
1 33
2 36 35
2 18 15
2 13 12
1 25
1 37
2 7 11
2 7 6
2 1 2
2 7 8
2 31 32
2 4 3
2 14 17
2 6 5
2 3 2
1 22
2 5 4
2 19 12
4 10
2 2 6
2 9 6
1 5
1 4
1 6
1 9
1 5
1 4
5 10
1 8
1 6
2 9 2
2 5 4
2 7 3
1 8
1 6
2 2 3
2 3 4
1 7
3 10
2 5 6
2 4 8
2 1 5
1 6
1 4
1 5
6 10
1 1
2 1 3
2 9 6
1 8
1 10
2 10 7
2 2 1
2 3 1
1 6
1 8
1 10
1 7
6 10
1 9
2 1 10
1 8
2 6 4
2 6 3
2 7 9
1 9
2 2 3
1 8
2 4 2
1 6
1 7
7 10
1 8
2 1 7
2 1 3
2 1 6
2 4 9
1 10
2 7 2
1 8
2 1 2
2 1 3
1 6
1 9
1 10
1 7
4 10
1 6
2 6 4
1 5
2 9 7
1 6
1 4
1 5
1 7
5 10
2 9 4
2 9 3
1 6
1 8
1 5
1 4
1 9
1 6
1 8
1 5
7 10
2 6 9
2 6 4
2 7 3
1 8
2 1 2
2 7 3
1 10
1 9
1 6
2 3 4
1 8
2 2 1
1 7
1 10
4 10
1 5
2 1 4
1 6
2 1 8
1 5
1 4
1 6
1 8
5 10
2 9 8
1 6
2 2 4
1 5
2 8 6
1 9
1 6
1 4
1 5
1 8
31 40
1 32
2 15 3
2 5 25
2 3 2
2 38 20
1 26
1 27
1 14
1 35
1 12
2 4 5
2 3 16
2 27 39
2 32 1
2 24 34
2 12 23
2 7 6
2 25 26
2 28 27
1 36
2 38 20
2 8 36
2 20 19
2 32 1
2 29 31
2 22 3
1 9
2 2 3
2 9 36
1 13
1 30
1 32
1 15
2 5 4
2 2 3
2 19 20
2 26 25
1 27
1 14
2 35 34
1 12
2 6 5
1 16
1 39
2 1 2
1 34
2 23 22
2 7 6
2 25 26
2 27 28
1 36
2 9 8
2 36 38
2 19 20
2 33 32
2 31 29
2 21 22
2 10 9
2 3 4
2 37 36
1 13
2 30 29
4 10
1 10
2 6 4
2 8 4
2 5 4
1 10
1 6
1 4
1 5
5 10
1 5
2 8 1
1 7
2 8 2
2 6 1
1 5
1 8
1 7
2 1 2
1 6
7 10
1 5
2 10 3
1 8
1 2
1 9
2 2 6
2 4 7
1 5
1 10
1 8
2 1 2
1 9
1 6
1 7
6 10
2 10 9
1 3
2 7 2
2 6 10
1 8
1 6
1 9
2 3 2
1 7
2 4 3
1 8
1 6
5 10
2 10 7
2 7 2
1 4
2 5 4
1 6
1 10
1 7
1 4
1 5
1 6
7 10
2 6 7
2 8 4
1 9
1 1
2 10 7
2 2 3
2 8 1
1 7
2 4 5
1 9
2 2 1
1 10
2 2 3
1 8
7 10
1 9
2 9 1
1 8
2 1 9
2 2 3
1 10
2 3 7
1 9
2 4 5
1 8
2 1 2
2 2 3
1 10
1 7
7 10
2 5 10
2 2 4
1 9
1 8
2 10 6
1 7
2 8 3
1 10
2 2 3
1 9
1 8
1 6
1 7
2 2 4
5 10
2 10 4
2 4 5
1 9
2 4 7
1 6
1 10
1 5
1 9
1 4
1 6
5 10
1 8
2 7 3
2 5 4
1 6
2 4 2
1 8
1 7
1 5
1 6
1 4
6 10
2 8 7
1 10
2 2 4
2 7 9
2 5 10
1 6
1 8
1 10
1 4
1 7
1 5
1 6
5 10
2 6 7
2 7 6
2 3 5
1 4
1 9
1 7
1 6
1 5
2 3 2
1 9
31 40
2 7 33
2 12 37
2 21 25
2 9 8
1 28
2 7 6
2 28 31
2 17 15
2 8 18
1 32
1 3
1 29
2 26 37
2 31 30
2 26 4
2 22 20
2 38 28
2 31 39
2 14 13
2 8 10
2 24 31
1 19
2 6 5
2 32 4
2 27 33
1 8
1 2
2 14 32
2 18 32
2 18 3
2 21 22
2 8 7
2 34 35
1 25
2 16 13
1 28
2 6 7
1 31
2 15 14
1 18
1 32
2 4 3
1 29
2 26 28
2 30 31
2 27 26
1 20
2 1 11
2 38 39
2 14 13
2 9 10
1 24
1 19
2 5 6
2 4 5
2 36 37
2 9 8
2 2 1
2 12 9
2 32 33
2 3 2
2 22 21
5 10
2 9 6
2 1 3
1 9
2 10 7
2 4 5
1 6
2 2 1
1 9
1 7
1 5
7 10
2 4 5
1 10
2 9 1
1 6
1 5
2 6 8
2 9 7
1 4
1 10
1 9
1 6
1 5
1 8
1 7
5 10
1 4
2 9 6
2 10 5
2 10 9
1 9
1 4
1 6
1 5
1 10
1 9
6 10
2 9 4
1 4
1 6
2 3 2
2 7 10
2 5 8
1 9
2 2 4
1 6
2 2 3
1 7
1 8
5 10
2 3 9
2 1 7
1 7
2 5 4
2 3 6
1 9
2 1 2
1 7
1 5
1 6
5 10
2 9 10
2 9 1
2 4 6
1 4
2 5 7
1 10
1 9
1 6
1 4
1 5
4 10
2 9 6
2 5 10
2 4 10
2 2 4
1 6
1 5
1 10
1 4
7 10
2 6 10
1 6
2 2 5
2 6 7
2 7 8
2 10 4
1 9
1 10
1 6
1 5
1 7
1 8
1 4
1 9
6 10
1 6
1 10
1 5
1 9
2 6 8
2 8 4
1 6
1 10
1 5
1 9
1 8
1 4
6 10
2 4 9
2 1 7
2 7 9
2 3 6
1 8
1 9
2 2 3
2 2 1
1 7
1 6
1 8
1 9
4 10
2 4 2
2 8 9
2 6 5
1 5
1 4
1 8
1 6
1 5
3 10
1 6
2 9 4
1 5
1 6
1 4
1 5
7 10
1 7
2 6 5
2 1 6
2 2 10
2 5 1
2 9 7
2 8 4
1 7
1 6
2 1 2
1 10
1 5
1 9
1 8
6 10
2 6 9
1 10
1 5
1 9
2 7 3
2 4 1
1 6
1 10
1 5
1 9
1 7
2 2 3
5 10
2 5 6
2 2 4
2 8 6
1 7
1 10
1 5
1 4
1 6
1 7
1 10
3 10
1 5
2 4 2
2 6 4
1 5
1 4
1 6
6 10
1 7
2 1 10
2 6 8
1 5
1 9
1 4
1 7
1 10
1 6
1 5
1 9
1 4
6 10
1 6
1 7
1 2
2 5 1
2 3 10
2 8 9
1 6
1 7
2 2 1
1 5
1 10
1 9
5 10
2 9 7
2 4 5
2 4 6
1 6
1 10
1 9
1 5
1 4
1 6
1 10
6 10
1 9
1 5
2 10 8
2 1 8
2 1 7
2 2 6
1 9
1 5
1 10
2 2 1
1 7
1 6
4 10
1 5
2 7 9
1 6
2 8 4
1 5
1 7
1 6
1 4
7 10
2 5 7
1 6
1 3
2 8 10
2 3 5
2 10 9
2 8 1
1 7
1 6
2 2 3
1 10
1 5
1 9
1 8
4 10
2 3 5
2 1 9
2 1 4
1 6
1 5
1 9
1 4
1 6
6 10
1 7
1 8
2 9 4
1 4
1 5
2 6 9
1 7
1 8
1 9
1 4
1 5
1 6
7 10
1 6
2 2 10
2 9 4
1 4
2 10 7
1 8
2 7 5
1 6
1 10
1 9
1 4
1 7
1 8
1 5
5 10
2 6 5
1 8
2 4 7
1 6
1 7
1 5
1 8
1 4
1 6
1 7
6 10
1 4
1 8
2 5 3
2 9 4
2 5 10
2 6 10
1 4
1 8
1 5
1 9
1 10
1 6
6 10
1 6
2 8 7
2 5 10
2 2 4
2 1 7
2 9 4
1 6
1 8
1 10
2 4 2
1 7
2 3 2
32 40
2 37 19
2 26 24
1 9
2 29 2
2 1 2
2 5 6
2 37 12
1 34
1 22
1 22
2 5 24
1 3
1 3
2 28 20
2 21 4
2 35 9
1 38
2 37 32
2 4 12
2 4 16
2 38 31
2 7 37
2 6 7
2 28 27
2 30 29
2 15 14
2 1 21
2 18 19
1 34
2 29 30
2 13 20
2 25 24
1 19
2 24 26
2 3 9
2 29 30
2 1 2
2 5 6
2 11 12
2 35 34
2 10 13
2 21 22
1 24
2 4 3
2 2 3
2 28 27
2 10 11
2 35 34
1 38
2 33 32
2 4 5
2 16 12
2 38 39
2 8 7
2 6 7
2 12 14
2 31 29
2 14 15
2 21 23
1 18
2 34 36
2 30 29
1 20
2 25 24
7 10
2 10 4
1 7
1 6
2 3 2
1 8
1 1
1 9
1 10
1 7
1 6
2 2 3
1 8
2 2 1
1 9
7 10
1 9
1 8
2 7 10
2 6 3
2 10 9
1 3
2 2 3
1 9
1 8
1 7
1 6
1 10
2 3 4
2 3 2
5 10
1 9
2 7 5
2 8 4
2 6 2
2 4 10
1 9
1 5
1 4
1 6
1 10
89 100
1 24
2 52 29
1 4
2 98 33
2 32 99
1 65
1 8
2 63 46
1 89
1 64
1 72
2 43 36
2 56 93
2 15 14
1 27
2 20 12
2 98 99
1 39
2 58 57
2 100 65
1 86
2 56 62
2 69 37
2 18 45
2 17 2
2 25 92
1 75
1 80
2 96 27
2 10 99
2 11 12
2 7 30
2 21 71
2 12 1
2 83 94
2 17 18
1 55
2 91 83
1 64
1 97
2 9 38
2 49 90
1 51
2 29 12
1 75
2 17 22
2 13 12
1 6
2 52 78
2 11 87
2 89 90
2 24 23
2 10 19
1 88
2 28 6
2 98 13
2 7 86
2 96 24
1 30
2 13 14
2 15 16
2 47 36
2 98 46
2 61 83
2 55 84
2 75 25
1 47
2 95 94
2 29 45
2 8 68
2 70 5
2 68 93
1 99
2 5 56
2 57 23
2 60 85
1 40
2 73 74
2 23 63
2 21 13
2 82 24
1 7
1 50
2 65 16
1 55
2 53 87
2 81 47
1 5
1 60
2 25 24
2 52 51
2 4 3
2 38 33
2 31 32
1 65
2 9 8
2 63 64
2 89 91
2 32 36
2 68 72
2 36 43
2 93 94
2 15 14
2 12 27
2 20 19
2 99 98
2 39 33
2 57 58
2 66 65
2 86 85
2 56 54
2 69 68
2 18 19
2 2 3
2 25 26
2 75 78
2 79 80
2 94 96
2 10 11
2 12 11
2 31 30
2 70 71
2 2 1
2 83 82
2 18 17
2 30 33
2 91 92
2 65 64
2 98 97
2 9 10
2 49 48
2 50 51
2 29 12
2 75 76
2 22 21
2 13 12
2 5 6
1 78
2 85 87
2 89 90
2 24 23
2 58 59
1 88
2 28 2
2 100 98
2 8 7
2 42 34
2 30 41
2 14 13
2 15 16
2 36 37
1 46
1 61
2 84 81
2 77 75
1 47
2 94 95
1 45
2 67 68
2 69 70
2 94 93
2 99 97
2 34 32
2 35 33
2 62 60
2 34 40
2 74 73
2 22 23
2 20 21
2 81 82
2 6 7
2 50 49
2 16 17
2 54 55
2 53 52
2 80 81
2 4 5
2 61 60
6 10
2 9 4
1 10
1 5
2 6 7
2 8 1
1 9
1 4
1 10
1 5
1 6
1 8
1 9
6 10
2 9 8
1 6
1 10
2 9 5
2 4 1
2 2 8
1 9
1 6
1 10
1 5
1 4
1 8
6 10
2 4 8
2 4 5
2 6 5
2 8 7
2 9 10
2 6 10
1 8
1 4
1 5
1 7
1 9
1 6
5 10
2 6 4
1 1
2 1 3
2 1 7
1 5
1 6
1 1
2 1 2
1 7
1 5
6 10
2 7 8
2 5 7
2 5 3
1 6
1 4
1 10
1 8
1 7
1 5
1 6
1 4
1 10
5 10
1 8
2 6 2
2 4 3
1 7
2 5 10
1 8
1 6
2 3 4
1 7
2 2 1
5 10
1 5
1 6
2 9 3
2 1 4
1 7
1 5
1 6
1 9
1 4
1 7
6 10
2 8 6
2 2 7
2 1 10
1 10
2 8 6
2 1 3
1 6
1 7
2 2 1
1 10
1 8
2 3 1
5 10
2 8 6
2 2 8
1 5
2 4 7
1 10
1 6
1 8
1 5
1 4
1 10
5 10
2 2 5
1 7
1 6
1 4
1 8
1 5
1 7
1 6
1 4
1 8
5 10
1 7
1 8
1 2
1 6
2 2 4
1 7
1 8
2 3 2
1 6
2 4 2
5 10
1 9
1 4
2 7 6
1 5
2 1 6
1 9
1 4
1 7
1 5
1 6
6 10
2 8 9
2 3 4
2 3 6
2 6 5
1 10
2 4 7
1 8
1 4
1 6
1 5
1 10
1 7
4 10
2 4 8
1 10
1 5
2 6 8
1 4
1 10
1 5
1 6
5 10
2 4 10
1 5
1 7
2 7 6
1 10
1 4
1 5
1 7
1 6
1 10
3 10
1 4
1 6
2 7 5
1 4
1 6
1 5
91 100
2 28 88
2 91 94
2 51 91
2 38 66
2 28 85
2 5 25
2 82 52
1 52
2 21 84
1 74
2 62 67
1 51
2 87 88
1 66
2 96 82
2 20 92
2 64 17
2 6 7
2 26 32
1 54
2 37 31
2 69 70
1 46
2 77 48
2 33 30
2 62 61
1 48
2 71 70
2 99 24
2 67 4
1 64
2 9 44
1 55
1 40
2 39 89
2 75 1
1 43
2 12 13
2 37 35
2 12 11
2 50 19
2 57 26
2 71 72
2 84 50
2 62 63
2 27 38
2 22 2
2 62 26
1 47
2 28 7
2 58 57
2 19 9
2 4 88
1 45
2 96 89
2 75 76
1 83
2 92 91
1 74
2 15 14
2 79 44
2 61 60
1 13
1 18
2 38 34
2 4 6
2 15 63
2 53 55
2 14 13
1 91
2 56 90
2 35 28
2 36 28
2 5 83
1 39
2 3 67
2 76 33
2 11 10
2 26 25
2 96 16
2 49 17
2 85 80
1 8
2 5 86
1 41
1 56
2 30 27
2 67 7
2 90 95
2 100 53
2 60 33
2 89 88
2 94 91
2 91 93
2 73 69
2 34 28
2 4 5
2 82 83
1 52
2 20 21
1 74
2 68 67
1 51
2 88 87
1 66
2 97 96
2 20 19
2 64 65
2 7 24
2 26 32
2 53 54
2 37 31
2 70 69
2 48 46
2 75 77
2 30 33
2 61 62
2 49 48
2 70 71
2 99 98
2 3 4
2 66 64
2 36 44
2 54 55
2 26 40
2 11 23
2 2 1
2 43 38
2 13 12
2 35 36
2 11 12
1 50
2 41 29
2 71 72
2 80 81
2 63 62
2 27 31
2 3 2
2 29 26
2 47 46
2 7 6
2 57 58
2 10 9
2 87 88
2 35 42
1 96
2 75 76
2 83 84
2 91 92
2 27 26
2 15 14
2 22 12
2 60 61
2 78 75
2 19 18
2 38 34
2 5 6
2 15 16
2 54 53
2 13 14
2 92 91
1 90
2 28 35
2 28 45
2 83 85
2 38 39
1 67
2 59 58
2 10 11
2 26 25
2 17 16
2 18 17
2 80 79
2 8 9
1 86
2 28 26
2 56 57
2 27 30
2 8 7
1 95
2 99 100
1 60
5 10
1 7
1 10
2 9 5
1 4
2 9 6
1 7
1 10
1 5
1 4
1 6
4 10
1 6
2 3 4
1 8
2 5 10
1 6
1 4
1 8
1 5
6 10
2 7 8
2 7 5
1 6
2 7 1
2 9 1
2 10 4
1 8
1 5
1 6
1 7
1 9
1 4
5 10
2 10 4
1 4
2 5 9
2 7 6
2 7 9
1 10
1 4
1 5
1 6
1 7
4 10
2 9 3
2 7 5
2 1 6
2 9 4
1 9
1 5
1 6
1 4
4 10
1 5
1 9
1 6
2 8 4
1 5
1 9
1 6
1 4
4 10
2 10 6
1 7
1 2
1 5
1 6
1 7
2 2 3
1 5
5 10
2 5 8
1 6
1 4
1 7
2 1 8
1 5
1 6
1 4
1 7
1 8
4 10
2 1 5
2 10 4
1 6
2 5 4
1 5
1 10
1 6
1 4
4 10
1 6
1 5
1 10
2 2 4
1 6
1 5
1 10
1 4
4 10
2 6 10
1 7
1 2
2 8 5
1 6
1 7
2 2 1
1 5
6 10
1 7
1 5
2 7 6
1 10
2 9 7
1 4
1 7
1 5
1 6
1 10
1 9
1 4
4 10
1 6
1 5
1 4
2 10 6
1 6
1 5
1 4
1 10
4 10
1 6
2 4 10
1 9
1 5
1 6
1 4
1 9
1 5
6 10
2 7 9
1 9
1 8
1 5
1 4
1 6
1 7
1 9
1 8
1 5
1 4
1 6
5 10
2 4 8
1 8
1 5
2 4 10
1 6
1 4
1 8
1 5
1 10
1 6
6 10
2 10 8
2 1 4
2 2 3
2 6 7
2 1 6
2 3 8
1 10
2 2 4
2 2 3
1 7
1 6
1 8
5 10
1 9
1 5
1 7
1 6
2 2 4
1 9
1 5
1 7
1 6
1 4
6 10
2 4 5
2 7 8
1 7
1 6
1 5
2 9 5
1 4
1 8
1 7
1 6
1 5
1 9
6 10
1 6
1 7
2 9 8
2 5 4
2 2 3
1 10
1 6
1 7
1 9
1 5
2 2 3
1 10
4 10
2 4 2
1 6
1 5
2 9 6
1 4
1 6
1 5
1 9
5 10
1 7
1 9
1 5
1 2
2 6 9
1 7
1 9
1 5
2 2 1
1 6
5 10
2 10 9
1 6
2 5 7
2 3 4
1 7
1 9
1 6
1 5
1 4
1 7
6 10
2 4 1
1 6
2 3 1
1 7
1 8
1 10
2 1 2
1 6
2 1 3
1 7
1 8
1 10
3 10
2 5 3
2 1 6
1 4
1 5
1 6
1 4
5 10
1 10
2 6 8
2 6 3
2 4 5
1 4
1 10
1 8
1 6
1 5
1 4
6 10
2 6 4
2 10 9
2 5 8
2 6 10
1 9
2 9 7
1 4
1 10
1 5
1 6
1 9
1 7
6 10
2 2 7
2 1 8
1 1
2 1 10
1 6
1 10
1 7
1 8
2 2 1
2 1 3
1 6
1 10
4 10
1 9
2 2 6
1 4
1 5
1 9
1 6
1 4
1 5
5 10
1 6
1 5
1 7
2 2 4
2 2 8
1 6
1 5
1 7
1 4
1 8
5 10
2 5 6
2 7 1
1 6
2 4 7
1 8
1 6
2 2 1
2 4 3
1 7
1 8
7 10
1 9
1 5
2 8 2
1 4
2 10 9
2 2 6
1 7
1 9
1 5
1 8
1 4
1 10
1 6
1 7
4 10
2 1 6
1 5
1 8
2 4 10
1 6
1 5
1 8
1 4
6 10
2 8 9
1 6
1 3
2 7 2
2 8 7
2 6 1
1 9
1 6
2 3 2
1 7
1 8
2 2 1
7 10
1 6
2 3 1
2 4 1
2 6 7
1 9
2 8 2
1 10
1 6
2 3 1
2 2 1
1 7
1 9
1 8
1 10
5 10
2 2 4
1 5
1 8
1 6
2 7 5
2 2 1
1 5
1 8
1 6
1 7
5 10
1 5
1 6
1 4
2 8 9
2 7 6
1 5
1 6
1 4
1 9
1 7
5 10
2 6 7
2 10 3
1 5
1 4
1 8
1 6
1 10
1 5
1 4
1 8
29 40
2 5 6
2 3 24
2 20 21
2 29 26
1 15
2 29 32
2 29 19
2 33 26
2 24 21
2 33 2
2 3 7
2 3 15
2 9 4
2 35 37
2 27 20
1 20
1 33
1 26
2 3 4
2 31 23
2 2 21
2 36 18
1 4
2 10 12
2 16 18
1 18
2 6 7
2 14 12
2 7 11
2 6 5
1 24
2 20 21
2 25 26
1 15
2 31 32
2 29 28
2 26 27
2 22 21
2 33 34
2 4 3
2 40 39
2 4 9
2 38 37
1 27
1 20
1 33
2 18 19
2 3 2
2 30 31
2 2 1
2 10 11
2 4 5
2 10 12
1 16
2 17 18
2 7 6
1 14
2 8 7
7 10
1 7
1 9
2 6 1
1 5
1 8
2 2 10
1 4
1 7
1 9
1 6
1 5
1 8
1 10
1 4
6 10
1 9
1 5
2 1 7
2 5 4
1 8
1 6
1 9
1 5
1 7
1 4
1 8
1 6
6 10
2 4 7
2 6 9
2 6 8
2 5 4
1 2
1 6
1 7
1 9
1 8
1 5
2 2 3
1 6
5 10
1 4
2 5 8
1 6
2 1 9
2 3 10
1 4
1 5
1 6
1 9
1 10
7 10
1 7
1 10
2 3 9
2 4 8
2 6 8
1 8
2 7 1
2 2 4
1 10
1 9
2 2 3
1 6
1 8
1 7
6 10
1 6
2 9 7
2 4 2
1 8
2 10 4
1 5
1 6
1 9
1 4
1 8
1 10
1 5
5 10
2 6 5
2 8 4
2 1 4
2 6 4
1 9
1 5
1 8
1 4
1 6
1 9
3 10
1 6
2 3 5
2 10 4
1 6
1 5
1 4
5 10
1 10
1 6
1 5
1 8
2 4 7
1 10
1 6
1 5
1 8
1 4
4 10
2 5 7
1 8
2 6 4
1 6
1 5
1 8
1 4
1 6
6 10
2 5 8
2 1 4
1 6
2 9 8
1 5
1 7
1 8
1 4
1 6
1 9
1 5
1 7
4 10
1 5
1 6
2 1 9
1 4
1 5
1 6
1 9
1 4
4 10
2 5 6
2 7 2
1 6
2 3 2
1 5
1 7
1 6
2 3 2
4 10
2 3 5
1 7
2 4 8
2 6 2
1 5
1 7
1 4
1 6
87 100
2 44 43
2 9 92
2 17 18
2 35 32
1 24
2 7 33
2 32 37
2 76 1
2 33 38
2 2 3
2 5 10
2 12 13
2 81 82
2 25 26
2 23 24
2 13 69
1 87
2 98 92
1 58
2 67 21
2 7 66
2 5 55
1 30
2 57 41
1 6
2 14 13
1 96
1 82
1 87
2 26 69
2 33 30
2 7 48
2 48 76
1 75
2 74 58
2 96 32
1 15
2 15 14
1 99
2 41 37
1 45
2 55 16
1 47
2 63 29
2 97 95
2 22 17
2 30 8
1 1
2 50 59
2 67 46
2 72 73
2 14 65
2 84 85
1 7
2 82 44
1 7
1 91
1 15
2 53 54
2 66 18
2 27 86
1 48
1 32
2 51 64
2 83 57
2 72 63
2 96 44
2 86 88
2 8 77
2 80 33
1 99
2 28 94
2 79 16
1 20
1 41
2 14 58
2 60 57
2 53 52
2 12 11
2 90 24
2 97 79
2 17 49
2 29 78
2 77 35
2 4 8
1 71
2 17 23
2 43 44
2 10 9
2 17 18
2 32 35
2 25 24
2 6 7
2 32 37
2 93 92
2 38 33
2 3 2
2 10 11
2 13 12
2 81 82
2 25 26
2 24 23
2 68 69
2 87 88
2 98 95
2 57 58
2 21 20
2 29 7
2 5 4
2 30 32
2 41 42
2 6 5
2 14 13
2 95 96
2 82 83
2 28 10
2 62 61
2 33 30
2 49 48
2 74 77
2 76 75
2 75 74
2 32 36
2 30 31
2 14 15
1 99
2 30 34
2 45 31
2 55 52
2 48 47
1 63
1 95
2 21 22
2 27 6
2 2 1
1 50
2 66 67
2 73 72
2 64 65
2 84 85
2 34 39
2 82 81
2 7 8
2 91 92
2 16 15
2 54 53
2 18 19
2 85 86
2 47 48
2 43 32
1 51
2 57 59
1 72
2 96 97
2 88 89
2 8 9
1 80
2 100 99
1 94
2 17 16
2 20 19
2 33 41
2 58 57
2 60 57
2 52 53
2 11 12
2 89 90
2 80 79
2 31 40
2 79 78
2 53 56
2 3 4
2 70 71
2 23 22
7 10
1 10
2 8 1
1 5
2 6 2
1 9
2 8 7
2 5 10
2 2 1
1 8
1 5
1 6
1 9
1 7
1 10
5 10
2 1 6
2 8 3
2 8 5
1 7
1 5
1 6
2 2 3
1 8
1 7
1 5
86 100
1 53
1 91
2 99 78
2 74 50
2 11 12
1 72
1 10
2 16 51
2 28 57
2 18 52
2 33 34
2 38 40
2 42 41
1 89
2 98 4
2 49 21
2 22 71
2 57 20
2 36 34
2 6 16
2 24 96
2 22 57
2 36 41
2 68 86
2 98 92
2 12 1
2 31 84
2 93 52
2 2 87
2 47 22
2 11 5
2 9 4
2 14 13
2 73 61
2 28 23
2 65 7
2 95 67
1 88
2 90 32
2 33 15
1 7
1 80
1 24
2 48 40
1 56
2 50 47
2 96 95
1 21
2 37 35
2 35 4
2 23 52
1 92
2 63 52
2 74 75
2 80 42
2 33 60
1 97
1 93
1 69
2 54 26
2 92 87
2 43 41
1 58
2 33 31
2 73 71
2 27 9
2 98 100
2 25 26
1 44
2 55 56
1 93
2 18 17
1 18
2 32 19
2 8 9
2 76 40
1 66
2 68 27
2 62 79
2 77 15
1 94
1 88
2 37 45
2 1 95
2 10 71
1 70
2 31 53
2 91 90
2 77 78
1 74
2 11 12
2 71 72
2 10 11
2 17 16
2 37 34
2 52 32
2 33 34
2 38 40
2 41 42
2 89 88
2 3 4
2 40 49
2 22 21
2 20 19
2 34 36
2 5 6
2 24 23
1 57
2 41 36
2 86 85
2 99 98
2 1 2
2 83 84
2 12 13
2 2 3
2 41 47
2 5 4
2 29 9
2 13 14
2 60 61
2 22 23
2 7 6
1 67
2 87 88
2 32 31
2 15 16
2 8 7
2 81 80
2 25 24
2 48 40
2 55 56
2 47 50
2 95 96
2 20 21
2 38 34
2 32 35
2 34 51
2 92 90
2 62 63
2 75 74
2 82 80
2 39 33
2 98 97
2 14 30
2 69 68
2 26 27
2 87 86
2 43 41
1 58
2 33 31
2 73 71
2 9 10
2 98 100
2 26 25
2 44 34
2 55 56
2 92 93
2 18 17
2 19 18
2 46 42
2 8 9
2 75 76
1 66
2 27 28
2 61 62
2 77 79
1 94
2 14 15
2 45 37
1 95
2 71 72
2 69 70
5 10
1 5
2 7 4
2 4 8
1 6
1 7
1 5
1 4
1 8
1 6
1 7
6 10
1 1
1 7
2 9 5
1 8
2 7 1
1 6
2 3 1
1 7
1 9
1 8
2 1 2
1 6
6 10
1 6
2 7 10
1 8
2 5 9
1 5
2 4 9
1 6
1 7
1 8
1 9
1 5
1 4
6 10
2 5 2
2 7 6
2 3 6
1 4
2 4 8
2 10 4
1 5
1 7
1 6
1 4
1 8
1 10
6 10
2 4 5
2 6 5
1 10
2 2 8
2 1 9
2 6 4
1 5
1 6
1 10
1 8
1 9
1 4
30 40
1 31
2 2 5
1 19
1 25
1 2
2 18 11
2 38 17
2 21 8
2 28 34
2 13 3
2 40 17
2 36 37
2 20 17
1 9
2 30 12
2 5 22
1 6
2 20 30
2 35 22
2 14 31
1 13
1 39
1 6
2 16 9
2 12 33
2 1 32
2 8 11
2 23 21
2 22 19
1 7
2 32 31
2 5 6
1 19
2 25 24
2 2 7
1 18
2 37 38
2 21 22
2 34 35
2 3 4
2 29 28
2 36 37
1 20
2 10 9
2 11 12
2 4 5
2 9 8
1 30
1 35
2 11 14
2 8 13
1 39
2 15 11
2 9 16
1 33
2 1 2
2 8 11
2 21 23
1 22
2 2 3
5 10
1 6
2 1 5
2 8 7
2 5 6
1 10
1 6
2 3 2
1 7
1 5
1 10
6 10
1 8
1 10
2 6 1
2 6 7
2 5 1
2 1 4
1 8
1 10
1 6
1 7
2 1 2
2 3 1
6 10
2 5 8
1 9
2 6 5
1 5
2 10 5
2 9 4
1 8
1 9
1 6
1 5
1 10
1 4
4 10
1 5
2 8 10
1 6
1 4
1 5
1 10
1 6
1 4
4 10
2 8 5
2 7 5
2 6 9
2 2 4
1 5
1 7
1 6
1 4
30 40
2 21 22
2 3 37
2 11 10
2 7 6
1 18
2 30 32
2 35 14
2 8 1
2 28 27
1 3
2 9 12
2 9 34
1 17
2 2 3
2 40 1
2 29 19
2 38 9
1 7
2 16 15
1 4
2 10 18
2 2 39
2 6 5
2 28 14
2 26 9
2 30 21
2 31 23
1 36
1 19
2 24 38
2 22 21
2 4 3
2 11 10
2 6 7
1 18
2 31 30
2 36 35
2 9 8
2 27 28
2 2 3
2 9 12
2 35 34
1 17
2 1 2
1 40
2 13 8
1 38
2 8 7
2 16 15
2 4 5
2 9 10
2 39 38
2 5 6
2 28 29
1 26
2 30 31
2 32 31
1 36
1 19
2 24 23
5 10
1 10
2 10 5
2 6 3
1 8
2 4 10
1 10
1 5
1 6
1 8
1 4
4 10
1 5
1 6
1 4
1 10
1 5
1 6
1 4
1 10
6 10
2 10 1
1 4
1 6
2 3 8
2 3 2
1 7
1 10
2 3 4
1 6
1 8
2 3 2
1 7
6 10
2 5 8
1 6
2 5 4
2 8 9
1 7
2 10 3
1 5
1 6
1 4
1 9
1 7
1 10
6 10
1 6
2 5 9
1 8
2 5 6
2 7 5
2 5 4
1 6
1 9
1 8
1 5
1 7
1 4
5 10
2 1 8
1 7
1 5
2 3 2
2 6 1
1 8
1 7
1 5
2 2 3
1 6
6 10
2 9 4
2 5 7
2 7 1
1 3
2 5 8
2 7 4
1 9
1 7
2 2 1
2 1 3
1 8
2 4 5
5 10
1 4
1 8
2 7 6
2 2 5
2 10 8
1 4
1 8
1 6
1 5
1 10
5 10
2 6 2
1 5
2 7 10
2 7 4
1 7
1 6
1 5
1 10
1 4
1 7
5 10
2 4 10
2 9 5
2 2 6
1 8
2 8 7
1 4
1 5
1 6
1 8
1 7
5 10
2 7 10
1 9
2 4 1
1 6
2 5 10
1 7
1 9
1 4
1 6
1 5
4 10
1 5
1 9
1 6
1 4
1 5
1 9
1 6
1 4
4 10
1 4
1 6
2 8 4
2 5 1
1 4
1 6
1 8
1 5
6 10
2 9 5
2 4 1
2 6 7
2 6 9
2 10 2
1 6
1 5
1 4
1 7
1 9
1 10
1 6
5 10
2 1 9
2 8 5
2 4 10
2 6 5
1 8
1 9
1 5
1 4
1 6
1 8
7 10
2 3 1
1 6
2 5 4
2 2 10
1 9
1 7
2 3 8
2 2 3
1 6
2 4 3
1 10
1 9
1 7
1 8
6 10
1 7
1 6
2 8 3
2 5 3
2 10 5
2 4 7
1 7
1 6
1 8
1 5
1 10
1 4
6 10
2 7 3
1 5
1 10
2 4 7
2 8 3
1 6
1 7
1 5
1 10
1 4
1 8
1 6
4 10
1 6
1 4
2 1 7
2 5 8
1 6
1 4
1 7
1 5
6 10
1 8
2 6 7
2 3 5
1 7
2 9 8
1 4
1 8
1 6
1 5
1 7
1 9
1 4
5 10
2 2 4
2 4 9
1 5
1 10
1 6
1 4
1 9
1 5
1 10
1 6
5 10
2 8 5
1 6
2 7 4
1 5
2 3 7
1 8
1 6
1 4
1 5
1 7
6 10
2 5 4
2 1 6
2 8 9
2 8 4
2 10 7
1 4
1 5
1 6
1 9
1 8
1 10
1 4
5 10
2 3 5
1 4
2 8 6
1 9
2 9 6
1 5
1 4
1 8
1 9
1 6
4 10
1 6
2 10 5
2 5 2
2 4 3
1 6
1 10
1 5
1 4
5 10
2 2 3
2 4 7
2 6 4
1 8
2 4 6
2 3 2
1 7
2 4 2
1 8
1 6
7 10
1 8
2 10 1
2 8 7
1 1
2 4 5
1 9
2 2 4
1 8
1 10
1 7
2 2 1
2 4 5
1 9
2 3 1
6 10
1 4
1 10
1 9
2 8 7
2 5 9
1 6
1 4
1 10
1 9
1 8
1 5
1 6
4 10
2 8 4
2 7 4
1 5
2 5 6
1 8
1 4
1 5
1 6
5 10
2 2 3
2 3 7
1 4
1 6
2 10 8
2 3 2
1 7
2 2 4
1 6
1 8
5 10
2 4 1
2 6 10
2 10 5
2 9 2
2 8 7
1 4
1 6
1 5
1 9
1 8
6 10
2 4 7
1 8
1 5
1 9
1 4
2 6 5
1 7
1 8
1 5
1 9
1 4
1 6
7 10
2 10 6
1 10
2 3 4
1 8
1 8
2 4 9
1 7
1 6
1 10
2 3 4
2 1 2
1 8
1 9
1 7
5 10
1 5
1 9
2 6 3
1 7
2 7 3
1 5
1 9
1 6
1 7
2 3 2
5 10
2 3 6
2 4 3
2 5 4
1 9
1 8
1 6
1 4
1 5
1 9
1 8
4 10
1 4
2 5 10
1 6
1 10
1 4
1 5
1 6
1 10
7 10
2 2 3
2 6 1
2 8 10
2 7 4
2 8 6
2 4 9
2 4 8
2 2 3
1 6
1 10
1 7
2 4 3
1 9
1 8
6 10
1 10
1 8
1 5
2 7 1
2 6 4
2 1 2
1 10
1 8
1 5
1 7
1 6
2 2 1
4 10
2 6 4
2 7 8
2 4 5
1 5
1 6
1 8
1 4
1 5
4 10
1 5
2 4 6
2 7 1
1 4
1 5
1 6
1 7
1 4
4 10
1 4
2 5 1
1 9
1 6
1 4
1 5
1 9
1 6
6 10
2 1 6
1 7
1 5
2 5 10
2 3 10
2 8 2
1 6
1 7
2 3 2
1 5
1 10
1 8
4 10
2 5 6
1 10
1 4
2 7 5
1 6
1 10
1 4
1 5
7 10
1 3
2 3 8
2 10 1
2 7 10
2 9 6
2 3 2
1 9
2 3 4
1 8
1 10
1 7
1 6
2 3 2
1 9
3 10
2 8 5
1 6
1 4
1 5
1 6
1 4
7 10
2 8 5
2 8 6
2 3 5
1 10
1 9
2 2 7
2 6 7
1 8
1 6
2 3 4
1 10
1 9
2 2 1
1 7
4 10
1 4
1 6
1 5
2 7 9
1 4
1 6
1 5
1 7
5 10
2 5 7
2 5 2
2 6 5
1 4
1 9
1 7
1 5
1 6
1 4
1 9
5 10
2 9 6
2 4 10
1 4
2 6 2
1 5
1 9
1 10
1 4
1 6
1 5
5 10
2 3 1
1 7
1 10
2 5 4
1 6
2 3 2
1 7
1 10
1 5
1 6
6 10
2 7 5
2 5 10
1 6
1 9
1 10
2 1 4
1 7
1 5
1 6
1 9
1 10
1 4
6 10
2 1 2
2 1 7
1 10
1 9
2 6 5
1 5
2 3 2
1 7
1 10
1 9
1 6
1 5
6 10
2 9 5
2 7 4
2 10 5
2 1 8
2 1 6
1 2
1 9
1 7
1 5
1 8
1 6
2 2 1
6 10
2 6 4
1 10
2 10 6
2 8 10
2 1 7
2 2 1
1 6
1 10
2 3 2
1 8
1 7
2 4 2
32 40
1 3
1 18
2 15 14
2 9 34
1 36
2 13 39
2 2 31
2 14 7
2 15 20
2 27 28
1 10
2 26 30
2 37 25
1 27
2 8 3
1 30
1 5
1 23
1 38
2 25 39
2 6 7
1 11
2 6 37
2 6 5
2 8 34
2 19 39
1 31
1 4
2 31 21
2 24 22
2 35 32
1 7
2 3 4
2 14 18
2 15 14
2 33 34
1 36
2 39 40
2 1 2
2 8 7
2 16 15
2 28 27
2 9 10
1 30
1 25
1 27
2 2 3
2 6 12
2 17 14
1 23
2 37 38
2 25 26
2 6 7
2 10 11
1 37
2 6 5
2 9 8
2 19 17
1 31
2 5 4
1 21
1 22
2 36 35
2 8 13
5 10
2 1 5
1 4
1 10
1 6
1 8
1 5
1 4
1 10
1 6
1 8
6 10
2 6 5
1 4
2 8 3
2 10 1
1 7
2 6 5
1 5
1 4
1 8
1 10
1 7
1 6
5 10
1 6
2 2 3
1 8
1 7
1 1
1 6
2 3 1
1 8
1 7
2 2 1
31 40
2 17 13
2 32 27
2 30 14
2 25 30
2 14 12
1 3
2 15 4
2 38 39
1 7
2 35 28
2 2 30
2 34 23
2 33 11
2 29 16
1 3
1 21
2 6 22
2 7 6
2 28 20
2 31 32
2 5 6
2 34 35
2 10 11
1 20
1 29
1 4
2 13 11
2 8 11
2 30 8
1 19
2 27 26
2 17 13
2 31 32
2 14 16
2 25 24
2 14 12
2 4 3
2 12 10
2 39 38
2 8 7
2 37 36
2 2 1
1 34
1 33
2 15 10
2 3 2
1 21
1 22
2 7 6
1 28
2 32 31
2 5 6
2 35 34
2 10 11
1 20
1 29
2 4 5
2 11 13
2 9 8
1 30
1 19
2 27 26
5 10
2 4 9
2 6 4
1 8
2 4 5
1 9
1 4
1 6
1 8
1 5
1 9
30 40
2 6 5
2 37 38
1 23
2 39 6
1 9
2 11 22
2 15 38
1 7
2 19 38
2 25 19
2 13 15
1 27
2 3 22
2 36 35
2 28 33
1 4
2 2 25
1 24
2 17 18
2 15 10
2 14 35
1 14
2 12 39
2 3 28
2 27 21
1 4
2 29 21
2 6 7
2 37 10
2 29 11
2 6 5
2 38 37
1 23
1 39
2 2 9
1 22
2 15 17
2 7 8
1 38
2 29 30
2 15 13
2 27 28
2 3 2
2 36 35
2 32 33
2 5 4
2 1 2
1 24
2 18 17
2 10 11
2 25 26
2 11 14
2 12 11
2 4 3
1 27
2 16 10
1 21
2 6 7
2 19 14
2 13 11
7 10
2 6 8
1 8
1 9
1 10
1 4
1 7
2 10 5
1 6
1 8
1 9
1 10
1 4
1 7
1 5
6 10
2 2 3
1 8
1 6
1 7
1 1
2 9 10
2 3 2
1 8
1 6
1 7
2 4 2
1 9
5 10
2 1 5
2 8 2
1 4
2 7 6
1 7
1 5
1 8
1 4
1 6
1 7
3 10
2 3 6
1 5
1 4
1 6
1 5
1 4
7 10
2 1 6
2 9 8
2 2 3
2 9 7
1 6
2 7 4
2 9 10
2 2 1
1 8
2 3 2
1 9
1 6
1 7
1 10
5 10
2 5 2
2 4 5
2 7 6
1 10
1 6
1 5
1 4
1 7
1 10
1 6
4 10
2 7 4
2 4 10
1 6
2 1 5
1 7
1 4
1 6
1 5
4 10
1 9
2 6 9
2 2 5
2 10 4
1 9
1 6
1 5
1 4
5 10
2 6 4
2 7 1
1 6
2 10 5
1 10
1 4
1 7
1 6
1 5
1 10
7 10
1 9
2 8 2
1 8
2 10 9
2 7 6
2 7 10
2 4 8
1 9
2 2 3
1 8
1 10
1 6
1 7
2 4 2
6 10
1 5
2 4 7
2 6 8
2 2 6
1 9
1 10
1 5
1 7
1 6
2 1 2
1 9
1 10
4 10
2 4 8
1 6
2 8 10
2 2 5
1 4
1 6
1 8
1 5
5 10
1 4
1 5
2 7 6
2 8 10
2 8 5
1 4
1 5
1 6
1 10
1 8
5 10
1 6
1 5
1 8
2 4 6
1 9
1 6
1 5
1 8
1 4
1 9
5 10
2 4 6
1 7
2 9 6
2 4 1
2 5 8
1 6
1 7
1 9
1 4
1 5
6 10
1 7
2 4 3
2 6 3
1 8
2 6 5
2 3 10
1 7
1 4
1 6
1 8
1 5
1 10
4 10
1 10
2 10 4
2 10 5
1 6
1 10
1 4
1 5
1 6
6 10
2 6 3
2 5 8
2 4 3
1 8
1 9
1 10
1 6
1 5
1 4
1 8
1 9
1 10
6 10
1 6
2 4 10
1 5
1 7
1 9
1 10
1 6
1 4
1 5
1 7
1 9
1 10
4 10
1 6
1 4
2 3 5
1 10
1 6
1 4
1 5
1 10
5 10
1 4
1 7
1 10
2 6 1
1 5
1 4
1 7
1 10
1 6
1 5
4 10
2 6 1
1 8
2 2 5
1 4
1 6
1 8
1 5
1 4
6 10
1 8
2 9 6
1 9
2 4 9
1 7
1 2
1 8
1 6
1 9
2 2 4
1 7
2 3 2
5 10
2 6 8
2 8 5
2 6 10
1 8
2 4 2
1 6
1 5
1 10
1 8
1 4
4 10
2 4 6
1 5
1 6
2 5 9
1 4
1 5
1 6
1 9
6 10
1 9
2 2 4
2 9 6
1 5
1 7
1 10
1 9
1 4
1 6
1 5
1 7
1 10
5 10
2 7 9
1 5
1 2
1 6
1 7
1 9
1 5
2 2 1
1 6
1 7
6 10
1 10
2 9 4
2 5 7
2 3 6
2 7 3
1 9
1 10
1 4
1 5
1 6
1 7
1 9
5 10
1 1
1 7
1 6
2 5 9
1 8
2 1 2
1 7
1 6
1 5
1 8
32 40
2 39 20
2 35 22
1 15
2 6 5
2 8 6
1 17
1 19
2 4 9
2 30 8
2 2 3
2 37 16
1 28
1 6
1 26
2 33 14
1 21
2 18 1
2 21 25
2 29 6
1 39
1 38
2 11 12
2 1 16
2 10 27
2 13 16
1 16
2 25 13
2 10 35
2 7 6
2 31 40
1 9
1 30
1 20
2 35 34
1 15
2 6 5
2 6 8
1 17
2 18 19
2 10 9
2 30 31
2 3 2
2 36 37
2 28 27
2 9 6
2 27 26
2 34 33
2 21 22
1 18
2 25 24
1 29
2 39 40
2 38 37
2 11 12
2 1 2
2 26 27
1 16
2 23 22
2 11 6
2 4 1
2 7 6
1 40
2 13 10
2 30 32
5 10
1 7
2 5 6
2 5 3
1 4
2 1 9
1 7
1 6
1 5
1 4
1 9
3 10
1 4
2 5 3
2 6 7
1 4
1 5
1 6
5 10
1 6
2 3 9
2 7 2
1 5
2 3 5
1 6
1 9
1 7
1 5
2 1 2
6 10
2 6 9
1 10
2 2 3
2 4 8
2 5 2
2 3 7
1 6
1 10
2 4 2
1 8
2 3 2
1 7
7 10
1 9
2 2 9
2 3 8
1 7
2 10 9
2 6 5
2 8 6
1 9
2 2 1
1 8
1 7
1 10
1 5
1 6
4 10
1 6
1 9
2 9 5
1 4
1 6
1 9
1 5
1 4
6 10
1 5
2 7 8
1 4
2 9 8
1 6
2 5 8
1 5
1 7
1 4
1 9
1 6
1 8
6 10
2 7 6
2 5 2
2 9 6
2 8 5
2 2 4
1 9
1 7
2 2 3
1 6
1 8
2 2 4
1 9
4 10
2 9 6
2 6 1
1 5
2 9 4
1 9
1 6
1 5
1 4
4 10
2 4 10
2 5 7
1 5
1 6
1 4
1 7
1 5
1 6
5 10
1 5
1 1
1 7
1 10
2 6 2
1 5
2 2 1
1 7
1 10
1 6
6 10
2 4 3
2 7 3
1 10
2 8 3
1 5
2 1 6
2 3 4
1 7
1 10
1 8
2 2 3
1 6
30 40
2 26 25
2 40 26
2 21 2
2 25 36
2 4 9
1 15
2 3 36
2 19 31
1 23
2 27 26
1 23
2 13 2
1 28
2 12 7
2 30 32
2 5 13
2 29 37
1 14
1 28
2 23 12
2 4 3
2 26 38
2 32 21
2 8 16
1 40
1 14
1 7
1 30
2 6 7
2 10 34
2 26 25
2 26 25
1 21
2 36 35
2 5 4
2 16 15
2 2 3
2 30 31
2 23 24
2 27 26
2 6 5
2 1 2
1 28
2 7 9
2 30 32
1 13
2 37 36
1 14
2 28 29
1 12
2 4 3
2 38 39
2 21 22
1 16
2 40 38
2 18 17
2 7 8
2 31 30
2 7 6
2 33 34
5 10
1 4
1 10
2 5 4
2 6 2
2 2 7
1 4
1 10
1 5
1 6
1 7
5 10
2 8 4
1 10
2 3 7
1 6
2 8 5
1 4
1 10
1 7
1 6
1 5
31 40
2 32 30
2 15 14
2 32 13
2 22 9
2 26 5
2 24 16
1 23
2 11 3
1 34
2 24 2
1 30
1 21
1 10
1 39
1 36
2 15 24
1 7
2 4 33
2 7 6
2 11 27
2 35 3
2 24 26
2 39 40
2 8 6
2 33 32
2 19 34
1 15
2 35 24
2 34 28
2 5 6
2 14 35
1 32
2 15 14
2 13 11
1 22
1 26
2 18 16
1 23
2 2 3
1 34
2 1 2
2 29 30
1 21
2 9 10
1 39
2 36 35
1 24
2 8 7
2 4 5
2 6 7
2 11 10
2 3 4
2 12 3
2 40 39
2 8 9
2 33 32
2 19 15
2 16 15
2 35 36
2 27 28
2 6 5
2 14 17
5 10
1 4
1 6
2 6 7
1 8
2 5 6
1 4
1 6
1 7
1 8
1 5
6 10
2 5 9
2 8 6
2 5 6
2 7 9
2 4 2
2 10 3
1 9
1 6
1 5
1 7
1 4
1 10
6 10
1 7
2 10 2
2 6 4
1 1
2 8 5
2 7 2
1 7
1 10
1 6
2 2 1
1 8
2 3 2
7 10
1 8
2 9 10
1 6
2 4 5
1 7
2 9 10
1 3
1 8
1 10
1 6
1 5
1 7
1 9
2 3 2
6 10
2 7 2
1 6
2 4 3
1 8
2 2 5
2 1 9
1 7
1 6
1 4
1 8
1 5
1 9
33 40
1 19
2 23 10
2 18 17
2 31 32
2 5 4
2 18 3
1 37
2 3 30
2 3 24
2 6 5
2 25 40
1 25
2 10 22
2 27 8
2 4 11
2 27 17
1 33
2 37 11
2 1 30
2 28 24
1 29
2 27 10
2 34 38
2 6 7
1 2
1 30
1 24
2 23 6
2 13 12
1 7
2 28 6
2 7 32
2 12 10
1 19
2 23 22
1 18
2 31 32
2 5 4
2 4 3
2 36 37
2 2 3
2 35 34
2 6 5
1 40
2 25 24
2 22 21
2 9 4
2 11 10
1 17
2 33 32
2 36 37
2 12 15
2 24 26
2 28 29
1 27
2 38 36
2 7 6
2 1 2
1 30
2 25 24
2 11 14
2 12 13
2 8 7
2 29 28
2 32 31
2 10 12
7 10
1 5
1 10
1 1
2 1 6
1 8
2 5 9
2 6 7
1 5
1 10
2 2 1
1 6
1 8
1 9
1 7
6 10
1 7
1 6
1 5
1 8
1 4
2 2 9
1 7
1 6
1 5
1 8
1 4
1 9
193 200
1 109
1 91
2 13 12
1 120
2 14 76
2 11 176
2 172 173
2 70 123
2 8 63
2 69 62
2 159 156
1 35
2 118 130
1 38
2 112 12
2 104 60
2 116 22
1 121
1 42
2 189 100
1 186
2 12 164
2 142 141
2 138 137
2 72 79
2 193 54
2 73 76
2 189 26
1 123
2 110 74
1 132
2 180 183
2 166 165
2 119 198
2 121 40
2 113 114
2 189 188
2 185 137
2 134 152
2 64 61
1 179
2 180 144
1 66
1 28
2 186 185
1 162
1 24
2 140 133
2 178 168
2 155 98
1 61
2 186 4
2 67 148
2 3 117
2 68 87
2 44 40
1 145
2 149 134
2 126 161
2 63 66
1 100
2 83 62
2 109 54
2 196 77
2 81 153
2 188 119
1 169
1 122
2 139 138
2 2 3
2 57 15
1 196
1 32
2 123 150
1 80
2 147 148
2 28 71
1 156
2 129 105
2 21 20
2 160 197
2 120 36
2 191 49
1 169
2 63 151
2 138 133
2 118 39
2 39 40
2 80 94
2 16 178
2 174 172
2 53 97
2 111 83
2 110 44
2 181 182
2 186 151
2 169 149
2 23 59
1 184
2 60 154
1 18
2 43 76
1 114
2 173 133
2 50 144
2 94 23
2 8 7
2 137 96
2 2 1
2 181 180
2 49 30
2 52 164
2 144 143
2 143 142
2 154 157
2 123 156
2 112 117
2 64 149
2 146 147
2 198 35
2 144 128
2 42 87
2 141 111
1 135
1 188
2 74 150
2 95 68
2 90 70
2 6 47
1 121
2 187 188
2 75 170
2 52 9
2 17 18
2 58 8
1 101
2 88 20
1 177
2 22 21
1 190
1 195
2 50 197
2 153 152
2 43 155
2 33 39
2 23 26
1 178
2 78 155
2 41 191
2 190 108
1 107
2 95 195
1 186
2 151 152
2 181 89
2 156 186
2 104 76
2 30 59
2 11 20
1 178
2 189 193
2 63 65
2 103 28
2 120 35
2 93 167
2 90 72
2 139 95
2 190 164
1 67
2 119 37
2 76 29
2 130 131
2 178 6
2 154 127
2 29 30
1 29
2 5 4
2 150 9
1 29
1 34
1 45
2 131 102
2 69 101
2 136 119
2 44 53
2 6 7
1 177
1 46
2 9 73
2 79 147
2 189 125
2 6 143
2 31 195
1 109
2 91 72
2 13 12
2 120 121
2 13 14
2 10 11
2 173 172
2 82 70
2 72 63
2 69 62
2 156 151
2 34 35
2 118 119
2 37 38
2 116 112
2 53 60
2 92 88
2 121 122
2 13 42
2 188 189
2 186 187
2 163 164
2 142 141
2 138 137
2 72 77
2 55 54
2 73 76
2 27 26
2 123 122
2 48 46
2 132 129
2 180 183
2 166 165
2 35 36
2 80 77
2 114 113
2 190 189
2 137 136
2 159 152
2 61 64
2 179 180
2 39 38
2 66 79
2 27 28
2 185 186
2 162 161
2 23 24
2 140 133
2 20 19
2 98 81
2 61 63
2 4 3
2 67 63
2 114 115
2 87 68
2 44 40
2 145 146
2 135 134
2 161 162
2 63 66
2 92 100
2 83 62
2 54 4
2 200 196
2 79 81
2 125 119
2 171 169
2 57 12
2 138 139
2 3 2
2 14 15
2 196 197
2 32 33
2 118 123
2 99 80
2 147 148
2 71 61
2 168 167
2 8 43
2 21 20
2 197 199
2 84 61
2 167 169
2 169 170
2 63 85
2 133 134
2 126 118
2 40 39
2 94 97
2 17 16
2 174 172
2 86 85
2 41 37
2 44 7
2 181 182
2 151 160
2 169 172
2 22 23
2 184 183
2 154 153
2 18 48
2 76 102
2 51 30
2 173 175
2 144 145
2 94 81
2 8 7
2 96 76
2 1 2
2 181 180
2 49 30
2 164 165
2 143 144
2 143 142
2 157 154
2 124 123
2 117 112
2 149 148
2 147 146
2 197 198
2 128 129
2 52 42
2 110 111
2 136 135
2 191 188
2 31 30
2 95 68
2 70 68
2 6 47
2 18 19
2 187 188
2 75 70
2 130 129
2 18 17
2 8 58
2 101 70
2 88 65
2 176 177
2 22 21
2 186 190
2 195 196
1 197
2 152 153
2 9 8
2 33 34
2 25 26
2 179 178
2 156 155
2 191 192
1 108
1 107
2 105 98
2 194 186
2 151 152
2 88 89
2 158 156
2 76 104
2 30 59
2 12 11
1 178
2 189 193
2 65 63
2 103 73
2 120 119
2 24 25
2 72 90
2 113 112
2 163 164
2 68 67
2 36 37
2 76 78
2 130 131
2 6 5
2 154 155
2 29 30
2 61 62
2 4 5
2 9 10
2 29 28
2 47 56
2 45 38
2 1 50
2 74 69
2 15 16
2 53 44
2 7 6
2 177 178
2 19 46
2 72 73
2 79 93
2 127 125
2 150 143
2 31 32
6 10
1 7
1 5
1 6
1 8
2 4 8
2 10 3
1 7
1 5
1 6
1 8
1 4
1 10
5 10
1 6
2 10 5
2 4 8
1 7
2 3 5
1 6
1 10
1 4
1 7
1 5
5 10
2 6 2
2 9 8
2 4 5
2 4 5
2 8 10
1 6
1 9
1 5
1 4
1 10
5 10
1 6
2 5 2
1 8
2 9 4
2 10 6
1 6
1 5
1 8
1 4
1 10
6 10
1 9
2 2 7
1 8
1 5
2 10 6
2 4 8
1 9
1 7
1 8
1 5
1 6
1 4
7 10
1 8
1 9
1 10
1 7
2 9 4
1 6
2 5 3
1 8
1 9
1 10
1 7
1 4
1 6
1 5
4 10
1 7
2 4 5
2 2 1
1 6
1 7
1 5
2 1 2
1 6
6 10
2 10 4
2 6 7
2 3 9
1 8
1 5
1 6
1 4
1 7
1 9
1 8
1 5
1 6
4 10
1 4
1 6
2 5 9
2 5 7
1 4
1 6
1 5
1 7
4 10
1 6
2 7 5
2 2 3
2 8 5
1 6
1 7
2 2 3
1 5
6 10
1 8
1 10
2 10 2
2 2 6
2 7 10
1 4
1 8
1 10
2 2 1
1 6
1 7
2 4 3
5 10
2 2 7
2 6 5
1 4
1 9
1 6
1 7
1 5
1 4
1 9
1 6
5 10
2 5 2
1 6
2 7 8
1 10
1 4
1 5
1 6
1 8
1 10
1 4
4 10
2 8 5
1 4
2 10 5
1 6
1 5
1 4
1 10
1 6
4 10
1 7
2 9 4
2 5 4
1 6
1 7
1 4
1 5
1 6
5 10
1 3
1 6
1 7
2 5 8
1 5
2 2 3
1 6
1 7
1 8
1 5
6 10
2 4 5
2 9 4
2 10 9
2 10 6
1 8
2 6 5
1 5
1 4
1 9
1 10
1 8
1 6
6 10
2 8 1
2 7 8
1 6
1 4
2 5 7
1 9
1 8
1 7
1 6
1 4
1 5
1 9
6 10
1 10
1 7
1 5
1 10
2 10 9
1 6
2 3 2
1 7
1 5
1 10
1 9
1 6
5 10
2 6 2
1 8
2 6 1
2 7 2
2 1 3
1 6
1 8
2 3 1
1 7
2 1 2
5 10
2 4 10
2 5 8
2 9 10
2 5 2
1 6
1 4
1 8
1 10
1 5
1 6
6 10
1 7
2 10 4
1 6
2 2 3
1 8
1 10
1 7
2 4 2
1 6
2 3 2
1 8
1 10
6 10
1 5
2 10 7
1 8
1 7
1 6
2 3 10
1 5
2 2 3
1 8
1 7
1 6
1 10
4 10
2 5 9
2 2 1
1 6
1 7
1 5
2 2 1
1 6
1 7
5 10
1 8
2 5 6
1 4
2 4 6
1 9
1 8
1 5
1 4
1 6
1 9
5 10
2 7 4
2 5 7
2 10 8
1 7
1 6
1 4
1 5
1 10
1 7
1 6
4 10
2 8 5
1 7
2 6 10
2 1 4
1 5
1 7
1 6
2 2 1
6 10
2 1 7
2 4 2
2 8 10
2 5 9
1 6
1 8
1 7
1 4
1 10
1 5
1 6
1 8
5 10
1 6
2 4 7
1 9
2 5 10
1 4
1 6
1 7
1 9
1 5
1 4
4 10
2 7 4
1 6
2 5 7
2 7 6
1 4
1 6
1 5
1 7
6 10
1 5
2 8 10
2 8 7
2 7 2
1 6
2 9 6
1 5
1 8
1 7
2 2 1
1 6
1 9
5 10
2 10 4
2 7 5
1 9
1 7
1 6
1 4
1 5
1 9
1 7
1 6
4 10
2 6 7
1 7
2 2 3
2 5 4
1 6
1 7
2 3 2
1 5
5 10
1 6
2 4 8
2 10 6
2 8 5
2 1 4
1 6
1 8
1 10
1 5
1 4
3 10
1 4
1 6
2 9 5
1 4
1 6
1 5
6 10
1 8
2 4 1
2 2 6
2 9 6
1 5
2 7 6
1 8
1 4
1 6
1 9
1 5
1 7
5 10
2 7 4
2 10 8
1 5
1 4
1 6
1 7
1 8
1 5
1 4
1 6
5 10
1 5
2 6 4
1 4
1 9
1 7
1 5
1 6
1 4
1 9
1 7
6 10
2 8 9
1 10
1 6
2 4 7
2 8 5
1 6
1 9
1 10
1 6
1 7
1 5
2 2 3
5 10
2 7 5
2 9 1
2 5 8
2 8 1
2 6 10
1 7
1 9
1 5
2 1 2
1 6
4 10
1 5
1 6
1 7
1 4
1 5
1 6
1 7
1 4
5 10
2 6 5
1 8
2 5 10
2 4 7
1 7
1 6
1 8
1 5
1 4
1 7
7 10
2 10 4
2 6 7
2 9 10
1 3
1 8
2 5 4
2 5 1
1 10
1 7
1 9
2 2 3
1 8
2 5 4
2 1 2
6 10
2 5 7
2 2 4
2 6 7
1 6
1 8
1 10
1 5
1 4
1 7
1 6
1 8
1 10
6 10
2 2 9
2 5 2
1 7
2 8 10
1 9
2 6 5
2 2 4
2 2 3
1 7
1 8
1 9
1 6
4 10
2 9 7
2 3 6
2 1 5
2 9 6
1 7
1 6
1 5
2 2 1
7 10
2 5 8
1 7
2 10 9
1 1
1 7
1 6
1 9
1 8
1 7
1 10
2 2 1
2 3 1
1 6
1 9
5 10
2 7 4
2 4 7
2 9 5
2 8 6
1 6
1 7
1 4
1 5
1 8
1 6
6 10
1 9
1 7
1 8
2 1 6
1 5
1 9
2 2 1
1 7
1 8
1 6
1 5
1 9
5 10
2 8 10
2 4 6
1 7
1 4
1 5
1 8
1 6
1 7
1 4
1 5
5 10
1 7
2 9 5
1 9
2 6 2
1 7
2 3 2
1 5
1 9
1 6
1 7
8 10
2 7 9
2 1 10
2 1 3
2 4 1
2 4 8
1 1
2 10 5
1 6
1 7
1 1
2 2 3
2 4 3
1 8
1 1
1 10
1 6
6 10
1 3
2 8 7
2 6 2
1 7
2 6 5
2 10 9
2 2 1
1 8
1 6
1 7
1 5
1 10
6 10
2 9 7
1 8
2 2 6
2 7 10
2 2 3
2 3 5
1 9
1 8
1 6
1 7
2 3 2
1 5
4 10
1 5
2 6 9
1 4
1 9
1 5
1 6
1 4
1 9
34 40
2 40 39
2 17 10
2 19 18
2 4 17
1 37
1 20
2 27 8
2 31 10
1 4
2 28 2
2 13 11
2 4 30
2 9 10
2 2 9
2 5 6
1 20
2 30 38
2 3 21
2 31 32
1 40
2 34 35
2 4 3
1 24
2 33 32
2 7 6
1 35
2 11 39
2 32 31
2 19 18
2 36 15
1 29
2 33 3
2 34 36
2 16 18
2 39 40
1 17
2 18 19
2 9 12
1 37
1 20
2 27 28
2 23 25
2 4 5
2 28 29
2 13 11
1 30
2 10 9
2 2 1
2 6 5
2 20 21
1 38
2 3 8
1 31
2 39 40
2 35 34
2 2 3
2 23 24
2 33 32
2 6 7
2 34 35
2 10 11
1 32
1 18
1 15
1 29
2 4 3
2 36 34
1 16
3 10
2 6 5
1 4
1 6
1 5
1 4
1 6
5 10
1 7
2 2 3
2 9 6
1 8
2 5 3
1 7
2 3 2
1 6
1 8
1 5
5 10
2 7 8
2 6 5
1 10
1 5
1 2
1 7
1 6
1 10
1 5
2 2 3
6 10
1 4
1 9
2 5 6
1 7
1 8
2 8 5
1 4
1 9
1 6
1 7
1 8
1 5
6 10
1 6
2 5 2
1 9
2 7 4
2 10 2
1 8
1 6
1 5
1 9
1 4
1 10
1 8
4 10
2 8 6
1 5
2 9 7
1 4
1 6
1 5
1 7
1 4
6 10
2 2 7
1 9
1 8
2 5 10
2 3 6
1 2
1 7
1 9
1 8
2 4 2
1 6
2 2 3
6 10
2 4 5
1 10
2 8 3
1 5
2 7 10
2 2 6
1 4
1 10
1 8
1 5
1 7
1 6
7 10
2 7 6
1 10
2 2 3
2 2 5
2 1 7
1 9
1 8
1 6
1 10
2 2 3
1 5
1 7
1 9
1 8
5 10
1 6
2 4 5
2 4 5
2 1 8
1 7
1 6
1 5
1 4
1 8
1 7
4 10
2 9 6
2 10 5
1 7
2 4 6
1 6
1 5
1 7
1 4
6 10
2 7 6
1 5
2 9 6
2 3 2
1 9
2 10 5
1 7
1 5
1 6
2 2 3
1 9
1 10
6 10
2 4 10
1 1
2 10 7
2 3 4
1 8
2 10 6
1 10
2 3 2
1 7
2 2 4
1 8
1 6
3 10
2 4 6
1 5
1 6
1 4
1 5
1 6
5 10
1 6
1 4
2 8 5
1 5
1 7
1 6
1 4
1 8
1 5
1 7
5 10
2 3 2
1 7
2 6 7
1 8
2 3 4
2 2 3
1 7
1 6
1 8
2 3 4
7 10
2 10 2
2 5 7
2 7 8
2 2 1
2 5 9
2 6 1
1 8
1 10
1 5
1 7
2 1 2
1 9
1 6
1 8
4 10
1 5
1 6
1 4
2 3 10
1 5
1 6
1 4
1 10
6 10
1 4
1 5
2 1 10
2 10 8
2 6 10
2 9 5
1 4
1 5
1 10
1 8
1 6
1 9
6 10
2 10 6
1 5
2 6 2
1 9
2 5 4
2 3 7
1 10
1 5
1 6
1 9
1 4
1 7
5 10
2 7 8
2 4 2
1 9
1 5
2 6 9
1 7
1 4
1 9
1 5
1 6
5 10
2 10 6
2 2 1
1 9
1 5
2 7 3
1 6
2 3 2
1 9
1 5
1 7
30 40
1 36
2 3 2
2 11 10
2 27 15
2 28 15
2 8 7
1 16
1 25
2 10 28
2 39 1
2 33 14
1 40
1 35
1 32
2 28 1
2 36 8
2 19 13
2 16 17
2 6 2
2 5 18
2 4 3
2 32 33
1 37
2 34 38
2 8 26
1 20
2 31 12
2 27 19
2 30 28
2 21 20
1 36
2 3 2
1 11
1 27
2 16 15
2 7 8
2 15 16
2 24 25
2 29 28
2 1 2
1 14
1 40
2 36 35
2 31 32
2 28 29
2 36 37
1 13
2 17 16
2 6 2
2 5 4
2 3 4
2 33 31
2 9 10
1 34
2 25 26
2 20 22
1 12
2 19 18
2 30 28
2 21 20
6 10
2 9 3
1 6
1 4
1 10
2 8 5
1 5
1 9
1 6
1 4
1 10
1 8
1 5
3 10
2 4 1
2 5 3
2 6 5
1 4
1 5
1 6
3 10
1 5
2 6 9
2 9 4
1 5
1 6
1 4
4 10
2 8 10
1 6
1 5
1 4
1 10
1 6
1 5
1 4
6 10
2 4 6
1 7
1 10
1 6
2 9 8
1 5
1 4
1 7
1 10
1 6
1 9
1 5
3 10
2 5 10
2 1 6
2 4 5
1 5
1 6
1 4
6 10
2 10 3
1 6
1 4
1 5
2 3 9
1 8
1 10
1 6
1 4
1 5
1 9
1 8
6 10
1 6
1 4
2 5 10
2 9 8
1 8
1 7
1 6
1 4
1 5
1 9
1 8
1 7
5 10
2 10 7
1 6
1 2
1 10
2 5 8
1 7
1 6
2 3 2
1 10
1 5
5 10
1 4
1 7
1 6
2 9 10
2 2 5
1 4
1 7
1 6
1 10
1 5
6 10
2 7 10
2 5 1
2 6 4
2 10 9
2 5 4
2 1 8
1 7
1 5
1 6
1 9
1 4
1 8
4 10
2 6 3
2 5 4
2 1 4
2 4 10
1 6
1 5
1 4
1 10
6 10
2 7 6
1 10
2 8 7
1 7
2 7 5
1 1
1 6
1 10
1 8
1 7
1 5
2 1 2
6 10
1 5
1 6
1 9
2 1 4
2 3 10
1 7
1 5
1 6
1 9
1 4
1 10
1 7
5 10
2 1 7
1 6
2 5 1
2 3 9
1 4
1 7
1 6
1 5
1 9
1 4
34 40
2 26 3
2 12 22
2 5 6
2 6 28
2 1 37
1 24
2 23 27
2 33 14
1 22
1 19
2 7 39
2 17 19
1 32
1 13
2 38 39
2 8 7
2 1 33
2 19 8
2 16 37
2 23 21
1 25
1 10
2 28 27
2 20 35
2 10 17
2 3 2
1 37
1 25
1 5
2 35 37
2 32 31
1 12
2 11 26
2 39 37
2 3 4
2 22 21
2 6 5
2 28 27
2 2 1
2 24 25
2 27 29
1 14
2 21 22
2 19 18
2 39 40
2 20 19
2 32 31
1 13
2 38 39
2 8 7
2 33 34
2 19 18
2 15 16
2 21 23
2 24 25
1 10
2 27 28
2 36 35
2 16 17
2 3 2
1 37
2 25 26
2 5 4
2 35 37
2 31 32
1 12
1 11
1 39
6 10
2 8 7
1 5
2 4 2
1 6
1 8
1 9
1 7
1 5
1 4
1 6
1 8
1 9
6 10
1 8
1 10
2 6 8
2 7 8
2 10 1
2 2 1
1 8
2 2 3
1 6
1 7
1 10
2 1 2
6 10
1 7
2 4 3
2 8 6
1 8
2 9 3
1 9
1 7
2 3 4
1 6
1 8
1 9
2 3 2
3 10
1 5
1 6
2 4 3
1 5
1 6
1 4
4 10
1 5
2 3 4
1 6
1 10
1 5
1 4
1 6
1 10
6 10
1 6
1 8
1 1
1 7
2 5 7
1 4
1 6
1 8
1 1
1 7
1 5
1 4
5 10
2 10 3
2 7 2
2 1 5
1 2
2 6 3
1 10
1 7
1 5
2 1 2
1 6
34 40
2 40 37
2 5 6
1 27
2 7 36
2 4 2
2 16 36
2 2 6
2 40 12
2 29 5
2 34 38
1 29
2 38 29
2 10 35
2 2 31
2 26 34
1 18
1 21
2 36 32
1 26
2 16 18
1 3
2 10 30
1 29
2 39 30
2 33 40
2 28 17
2 33 18
1 26
2 7 6
2 29 40
2 40 10
2 8 13
1 33
2 32 3
1 40
2 6 5
2 14 13
2 7 8
2 5 4
2 35 36
2 2 1
2 9 11
2 28 29
2 38 39
2 30 29
2 19 20
2 35 37
1 31
2 26 27
1 18
2 21 19
2 36 35
2 26 25
1 16
2 3 2
2 4 12
2 28 29
2 38 39
2 34 33
1 17
2 32 33
2 25 26
2 6 7
2 22 23
2 10 9
2 9 8
2 33 32
2 4 3
5 10
1 6
1 4
1 5
1 9
2 3 8
1 6
1 4
1 5
1 9
1 8
5 10
1 7
2 7 4
2 6 1
2 10 9
2 5 10
1 7
1 4
1 6
1 9
1 5
5 10
2 5 4
1 4
1 6
2 2 9
2 8 7
1 5
1 4
1 6
1 9
1 8
6 10
2 7 4
1 6
2 8 5
2 6 4
1 10
2 9 4
1 7
1 6
1 5
1 4
1 10
1 9
7 10
1 7
1 8
1 10
1 4
1 5
1 6
2 1 9
1 7
1 8
1 10
1 4
1 5
1 6
1 9
33 40
2 31 17
1 37
2 30 36
2 17 29
2 34 28
2 24 23
2 15 3
1 13
2 15 18
2 15 20
1 37
1 27
1 40
1 23
1 26
2 13 18
1 3
2 35 29
2 40 21
2 17 19
2 13 9
1 3
2 3 26
2 15 32
2 11 9
2 10 13
2 35 15
1 32
2 5 6
2 14 4
2 7 6
1 37
1 2
2 8 6
2 39 37
2 34 36
1 17
2 34 35
2 24 23
2 10 15
2 12 13
1 18
2 20 21
2 38 37
2 27 26
1 40
2 30 29
2 26 27
2 14 13
2 4 3
2 31 29
2 21 22
1 19
2 9 12
2 2 3
2 28 26
2 32 33
2 11 9
2 10 9
2 34 35
1 32
2 5 6
2 5 4
2 6 7
2 38 37
2 1 2
5 10
2 1 9
1 5
2 4 5
2 10 6
1 8
1 9
1 5
1 4
1 6
1 8
6 10
1 6
1 8
2 3 7
2 2 3
2 9 10
1 7
1 6
1 8
1 7
2 2 3
1 10
2 4 3
4 10
1 9
2 4 9
1 6
1 5
1 9
1 4
1 6
1 5
4 10
1 6
2 5 9
2 7 9
1 4
1 6
1 5
1 7
1 4
6 10
2 4 3
2 3 8
1 9
1 1
1 7
1 6
2 2 3
1 8
1 9
2 1 2
1 7
1 6
5 10
2 8 10
2 6 9
1 5
1 7
2 2 5
1 8
1 6
1 5
1 7
2 3 2
30 40
1 14
2 24 23
2 25 3
2 16 31
1 30
2 5 8
1 12
1 32
1 15
2 20 33
2 20 25
2 26 27
2 14 37
2 29 23
1 34
2 27 39
1 22
1 33
2 8 7
2 34 31
1 11
2 21 10
2 6 2
2 3 23
2 35 10
2 10 12
2 28 29
2 15 21
2 4 38
2 5 6
2 17 14
2 23 24
2 3 2
2 31 30
1 30
2 8 9
2 12 2
1 32
2 15 14
2 8 13
1 20
2 27 26
2 14 16
2 28 29
2 6 7
1 39
1 22
1 33
2 7 8
2 37 38
2 10 11
1 21
2 2 1
2 3 4
1 35
2 10 9
2 29 28
2 17 18
2 4 5
2 5 6
3 10
2 5 9
1 6
2 4 7
1 5
1 6
1 4
6 10
2 3 4
2 3 2
1 10
1 8
1 6
2 7 10
2 3 4
2 3 2
1 10
1 8
1 6
1 7
6 10
1 4
2 9 10
2 5 8
2 3 7
2 7 6
1 10
1 4
1 9
1 5
1 7
1 6
1 10
5 10
2 9 6
1 7
2 5 10
1 5
2 3 4
1 6
1 7
1 10
1 5
1 4
4 10
2 5 8
2 10 6
1 6
1 4
1 5
1 10
1 6
1 4
3 10
2 5 6
1 4
2 5 6
1 6
1 4
1 5
6 10
2 8 9
2 8 9
2 6 1
2 7 4
2 5 9
1 4
1 8
1 9
1 6
1 7
1 5
1 4
3 10
1 5
1 6
2 4 8
1 5
1 6
1 4
87 100
2 37 63
1 36
2 65 51
2 87 16
2 11 12
1 65
1 50
1 57
2 55 26
2 69 68
1 37
2 98 6
2 76 5
2 61 8
2 39 50
1 15
1 18
2 74 75
2 8 3
1 44
1 26
2 55 45
1 23
1 66
1 95
2 95 96
1 92
2 50 23
2 16 2
1 79
2 86 9
2 72 71
1 7
2 80 72
2 47 48
1 86
2 47 88
2 95 94
2 32 33
2 59 57
2 42 38
2 66 43
2 4 10
1 20
2 92 16
2 2 1
2 7 82
2 55 67
2 55 87
2 10 11
1 50
2 4 34
2 35 61
2 24 25
2 41 61
1 76
2 53 7
1 22
2 52 73
2 61 67
2 15 14
2 52 6
1 70
2 83 78
1 81
1 91
2 11 54
2 20 50
2 74 77
2 36 15
2 100 22
2 75 85
1 93
1 86
2 32 35
2 13 12
2 21 18
1 18
1 17
1 96
2 73 70
2 64 50
2 11 1
2 14 13
2 25 28
2 33 38
2 62 63
2 35 37
2 34 36
1 51
2 88 87
2 12 11
2 65 64
2 49 50
2 57 58
1 55
2 68 69
2 37 46
2 5 6
2 4 5
2 8 30
2 41 39
2 15 16
2 29 18
2 75 74
2 8 9
2 44 37
2 26 27
2 45 33
2 22 23
2 66 64
2 97 95
2 95 96
2 91 92
2 24 23
2 3 2
2 78 79
2 9 10
2 72 71
2 6 7
2 80 81
2 48 47
2 87 86
2 86 88
2 95 94
2 32 33
2 59 57
2 42 38
2 43 42
2 3 4
2 20 19
2 16 17
2 1 2
1 82
2 67 68
2 55 56
2 11 10
2 50 49
2 32 34
2 62 61
2 25 24
2 61 60
2 76 74
2 7 8
2 39 34
2 52 53
2 60 61
2 14 15
2 52 53
2 70 71
1 78
2 81 80
2 91 92
2 54 53
2 100 99
2 77 74
2 36 40
2 22 21
2 85 84
2 92 93
2 89 86
2 32 35
2 12 13
2 20 21
2 18 19
2 17 18
2 94 96
2 70 73
2 16 28
2 32 31
2 13 14
2 25 26
2 38 33
2 63 62
5 10
1 2
2 2 3
2 6 7
2 6 4
2 8 4
2 4 2
2 2 3
1 7
1 6
1 8
6 10
2 10 5
2 7 5
1 4
2 9 7
1 7
2 6 7
1 10
1 5
1 4
1 9
1 7
1 6
5 10
2 6 3
2 3 2
1 1
2 7 10
1 8
1 6
2 3 2
2 2 1
1 7
1 8
6 10
1 1
2 1 8
1 7
1 10
2 2 8
1 6
2 2 1
1 8
1 7
1 10
2 3 2
1 6
5 10
2 5 2
2 7 10
2 6 4
1 9
1 6
1 5
1 10
1 4
1 9
1 6
7 10
2 8 5
1 8
2 9 3
2 4 6
1 7
1 10
2 6 2
1 5
1 8
1 9
1 4
1 7
1 10
1 6
5 10
2 4 8
2 9 5
2 7 9
2 4 9
1 6
1 8
1 5
1 7
2 2 1
1 6
7 10
2 8 10
2 4 9
2 3 4
1 7
2 4 8
1 6
1 1
1 10
1 9
2 3 1
1 7
1 8
1 6
2 2 1
4 10
1 4
2 10 7
2 2 5
1 6
1 4
1 10
1 5
1 6
7 10
2 9 3
2 7 8
2 2 1
1 10
2 6 5
1 8
1 4
1 9
1 7
2 2 1
1 10
1 6
1 8
2 4 3
7 10
2 9 6
1 9
1 9
2 7 3
2 10 8
2 1 2
2 10 7
1 6
1 9
2 4 3
1 7
1 8
2 2 1
1 10
5 10
2 5 9
1 7
1 6
1 6
2 7 10
1 5
1 7
2 2 3
1 6
1 10
4 10
2 3 5
1 8
2 4 3
1 6
1 5
1 8
1 4
1 6
7 10
1 8
2 6 10
2 7 4
1 7
2 3 2
1 6
2 9 7
1 8
1 10
2 4 3
1 7
2 3 2
1 6
1 9
4 10
2 4 7
1 6
1 10
2 5 6
1 4
1 6
1 10
1 5
4 10
1 4
2 5 3
1 6
1 9
1 4
1 5
1 6
1 9
27 40
1 7
2 11 9
2 11 26
2 1 24
2 36 38
2 10 14
2 32 36
2 29 10
2 6 3
1 37
1 17
2 21 37
2 9 15
2 26 22
2 31 24
2 21 20
2 23 11
2 1 33
2 33 5
2 40 30
2 2 3
1 16
2 31 39
2 18 38
2 30 31
2 8 3
1 9
2 7 8
2 8 9
2 24 23
2 10 8
2 38 36
1 14
2 31 32
2 28 29
2 6 4
2 37 36
2 18 17
2 36 37
1 15
2 27 26
2 24 25
2 20 21
2 11 10
2 1 2
2 5 4
2 40 39
2 3 2
1 16
2 39 40
2 18 17
2 31 30
2 3 4
2 12 9
6 10
2 6 7
1 4
1 10
2 6 2
2 5 7
1 9
1 7
1 4
1 10
1 6
1 5
1 9
6 10
1 6
1 10
2 5 2
2 7 10
1 1
2 10 8
1 6
1 10
2 3 2
1 7
2 2 1
1 8
5 10
1 9
2 4 6
2 8 2
2 8 7
1 5
1 9
1 6
2 2 3
1 7
1 5
6 10
2 2 3
2 6 7
1 10
2 4 9
2 4 5
1 7
2 2 3
1 6
1 10
1 9
1 5
1 7
6 10
1 9
1 10
1 6
2 6 7
2 4 5
1 8
1 9
2 3 2
1 6
1 7
1 5
1 8
6 10
2 6 3
2 8 4
1 8
1 5
1 7
2 7 10
1 6
1 4
1 8
1 5
1 7
1 10
5 10
2 10 7
1 5
2 6 3
1 4
1 10
1 7
1 5
1 6
1 4
1 10
5 10
1 10
1 5
2 8 6
1 4
2 10 7
1 10
1 5
1 6
1 4
1 7
3 10
2 4 5
1 5
1 6
1 4
1 5
1 6
6 10
2 1 8
1 8
2 6 10
2 6 7
2 3 1
1 9
2 2 1
1 8
1 6
1 7
2 1 3
1 9
5 10
1 6
1 5
2 1 2
1 9
1 7
1 6
1 5
2 1 2
1 9
1 7
7 10
2 8 7
2 3 2
1 9
2 7 9
1 5
2 4 6
1 10
1 8
2 2 3
1 9
1 7
1 5
1 6
1 10
5 10
2 7 5
1 5
2 2 3
2 6 7
2 7 9
1 7
1 5
2 2 3
1 6
1 9
7 10
2 8 5
2 9 3
1 10
1 5
2 7 4
2 6 2
2 1 2
1 8
1 9
1 10
1 5
1 7
1 6
2 2 1
3 10
2 6 4
1 6
1 5
1 4
1 6
1 5
4 10
2 2 6
1 7
2 10 5
2 4 3
1 6
1 7
1 5
1 4
89 100
1 58
2 72 92
2 66 68
1 29
2 80 82
2 18 10
1 4
2 23 7
1 30
2 52 53
1 72
2 80 79
2 57 34
2 18 28
2 13 82
1 97
2 53 69
2 7 9
1 71
2 2 41
1 93
2 22 39
2 1 29
2 33 49
2 19 99
2 23 10
2 36 5
1 95
2 91 87
2 17 15
2 44 33
1 39
2 14 13
1 22
2 81 63
2 74 73
1 15
2 73 69
2 85 84
2 59 47
2 68 29
1 66
2 95 9
2 89 86
2 63 65
2 66 74
2 45 36
2 12 13
2 15 14
2 10 3
2 31 32
2 61 88
2 8 95
2 53 65
1 51
1 21
1 6
2 84 86
2 68 88
2 61 60
2 61 7
2 8 91
1 29
2 36 80
2 20 22
1 83
2 87 88
2 95 62
2 34 30
2 92 88
2 73 23
2 17 90
1 27
2 32 31
2 61 34
2 37 55
2 60 8
2 73 72
2 94 85
2 2 42
2 35 28
1 89
1 20
1 16
2 47 33
2 41 95
1 100
2 12 11
2 2 32
2 58 59
2 24 13
2 66 68
2 37 29
2 80 82
2 19 18
2 3 4
2 6 7
2 36 30
2 52 53
2 72 75
2 80 79
2 57 56
2 31 28
2 25 8
1 97
1 53
2 9 10
2 70 71
2 2 3
1 93
2 28 27
2 48 29
2 33 49
2 45 46
2 22 23
2 5 4
2 97 95
2 91 87
2 15 26
2 33 44
2 39 31
2 13 14
2 22 21
2 64 63
2 73 74
2 15 16
1 69
2 84 85
2 59 58
1 68
2 66 67
2 28 38
2 89 88
2 65 63
2 76 74
2 45 36
2 13 12
2 15 14
2 10 11
2 32 31
2 60 61
2 95 94
2 53 54
1 51
2 20 21
2 5 6
2 86 84
2 88 90
2 60 61
2 7 8
2 9 8
2 29 33
2 29 27
2 81 79
2 84 83
2 87 88
2 96 95
2 30 34
2 93 92
2 72 73
2 17 18
2 27 42
2 30 28
2 43 34
1 55
2 62 60
1 73
2 94 98
2 2 1
2 27 35
2 89 87
2 19 20
2 16 17
2 33 47
2 27 41
1 100
2 12 11
2 40 37
5 10
2 6 2
1 8
1 7
2 9 5
1 6
2 1 2
1 8
1 7
1 5
1 6
5 10
2 8 4
2 6 8
1 8
2 6 7
2 9 2
2 2 4
1 6
1 8
1 7
2 2 3
4 10
1 7
1 4
1 6
1 5
1 7
1 4
1 6
1 5
4 10
2 5 10
1 6
1 8
2 4 7
1 5
1 6
1 8
1 4
6 10
1 5
2 6 3
2 3 4
2 6 8
1 9
2 10 4
1 5
1 6
1 4
1 8
1 9
1 10
4 10
1 10
1 4
2 6 5
2 9 5
1 10
1 4
1 6
1 5
5 10
2 3 10
1 5
2 7 8
2 7 6
2 1 4
1 10
1 5
1 7
1 6
1 4
6 10
2 9 6
2 7 1
1 10
2 6 8
1 3
1 7
1 6
2 1 2
1 10
1 8
2 3 2
1 7
5 10
2 5 8
2 4 9
2 6 9
2 4 7
2 10 1
1 5
1 9
1 6
1 4
1 10
7 10
1 7
1 10
2 9 5
2 10 8
1 2
2 4 9
2 6 5
1 7
1 10
1 5
1 8
2 3 2
1 9
1 6
6 10
1 7
2 9 5
2 5 2
2 4 9
1 6
2 10 3
1 7
1 9
1 5
1 4
1 6
1 10
33 40
2 10 30
1 24
1 4
2 4 3
2 19 21
2 17 40
1 3
2 7 36
1 20
1 17
2 15 16
1 28
2 20 26
1 18
1 25
1 12
2 30 34
2 9 32
2 8 30
2 34 31
2 37 38
2 5 9
2 6 7
2 39 11
2 14 13
2 4 2
2 7 24
1 27
2 6 5
1 34
1 36
2 19 5
2 30 32
2 10 12
2 23 24
2 5 4
2 3 4
2 21 20
2 39 40
2 2 3
1 36
2 22 20
1 17
2 15 16
2 27 28
2 20 21
1 18
2 25 26
2 12 13
2 35 34
1 32
2 30 29
2 30 31
2 38 37
2 9 5
2 7 6
2 11 10
2 13 14
2 2 1
2 8 7
1 27
2 6 5
1 34
2 37 36
1 19
2 32 33
5 10
1 7
2 6 10
2 10 8
1 3
2 8 7
1 7
1 6
2 3 2
2 4 3
1 8
6 10
1 9
1 4
1 5
1 6
1 7
2 10 7
1 9
1 4
1 5
1 6
1 7
1 10
7 10
2 7 8
2 3 4
1 4
1 10
1 9
1 8
2 6 9
1 7
2 4 3
2 2 1
1 10
1 9
1 8
1 6
5 10
1 4
2 5 6
1 8
1 6
1 10
1 4
1 5
1 8
1 6
1 10
6 10
1 6
2 5 1
1 7
1 4
2 9 10
2 1 8
1 6
1 5
1 7
1 4
1 10
1 8
6 10
2 5 7
2 6 7
2 10 3
2 5 4
1 7
1 9
1 5
1 6
1 10
1 4
1 7
1 9
4 10
1 4
2 10 5
2 3 6
1 10
1 4
1 5
1 6
1 10
6 10
1 9
2 3 8
2 3 2
2 6 3
2 7 1
2 4 2
1 9
1 8
2 2 3
1 6
1 7
2 4 2
6 10
1 6
1 10
1 7
1 5
2 6 4
1 8
1 6
1 10
1 7
1 5
1 4
1 8
7 10
2 7 2
2 10 9
2 8 9
1 5
2 2 9
2 4 7
1 6
1 7
1 10
1 8
1 5
1 9
1 4
1 6
6 10
1 9
2 8 9
2 4 6
1 5
1 4
1 7
1 9
1 8
1 6
1 5
1 4
1 7
6 10
2 10 7
2 5 2
2 1 9
1 4
2 2 6
2 7 3
1 10
1 5
1 9
1 4
1 6
1 7
5 10
1 4
1 8
2 7 1
2 6 4
2 3 10
2 2 4
1 8
1 7
1 6
2 3 2
6 10
2 7 1
2 5 4
2 9 5
1 10
1 6
2 3 8
1 7
1 4
1 5
1 10
1 6
1 8
3 10
1 6
2 3 5
2 9 4
1 6
1 5
1 4
7 10
2 7 10
1 8
1 9
2 5 3
2 1 4
1 6
2 10 2
1 7
1 8
1 9
1 5
1 4
1 6
1 10
6 10
2 8 2
1 6
1 4
2 9 8
2 5 7
1 10
1 8
1 6
1 4
1 9
1 5
1 10
3 10
1 4
1 5
1 6
1 4
1 5
1 6
6 10
1 6
2 2 7
2 9 2
1 5
2 8 1
1 4
1 6
1 7
1 9
1 5
1 8
1 4
4 10
2 3 5
2 9 6
1 7
2 2 1
1 5
1 6
1 7
2 1 2
6 10
1 10
2 6 10
2 1 9
2 7 5
2 5 4
1 7
1 10
1 6
1 9
1 5
1 4
1 7
6 10
2 8 6
1 5
2 8 1
1 7
1 10
1 4
1 6
1 5
1 8
1 7
1 10
1 4
27 40
1 21
2 29 2
2 37 6
1 15
2 37 18
2 34 33
2 28 8
2 14 23
2 7 6
2 3 4
2 18 25
2 12 9
1 16
2 5 6
2 15 26
2 11 12
2 16 40
2 37 9
2 30 3
2 21 40
1 37
1 13
2 1 8
2 40 2
2 37 30
1 20
2 34 4
2 31 32
2 30 29
2 37 38
1 15
2 17 18
2 33 34
2 35 36
1 14
2 6 7
2 3 4
2 24 25
2 12 11
2 17 16
2 6 5
2 26 27
2 11 12
1 40
2 39 37
2 3 2
2 21 20
2 38 37
1 13
2 8 1
2 2 1
2 30 29
2 21 20
2 5 4
5 10
1 7
1 6
2 6 7
2 9 3
1 8
1 7
1 6
2 2 3
2 3 4
1 8
3 10
1 5
1 6
1 4
1 5
1 6
1 4
89 100
1 7
2 43 77
2 24 26
2 21 6
2 91 59
2 64 96
1 52
2 96 75
2 86 85
1 24
2 18 35
2 66 38
1 33
2 66 14
2 96 77
2 68 62
2 44 59
1 17
2 81 55
2 25 57
2 99 72
2 94 10
2 54 55
2 93 29
1 36
2 15 14
2 65 33
1 83
2 80 71
2 60 75
2 65 66
2 88 89
2 78 80
2 85 40
1 18
1 1
1 73
2 29 65
2 76 75
2 1 47
2 89 9
2 45 35
2 95 28
1 74
1 8
2 79 67
2 34 32
1 42
2 2 4
1 90
2 76 77
2 16 79
2 22 87
1 4
2 90 93
1 15
1 81
2 14 13
2 70 28
2 96 20
1 2
1 27
2 78 11
2 92 62
2 69 68
2 95 28
2 17 5
2 40 43
2 29 33
2 38 41
2 61 60
1 84
2 17 23
2 7 99
2 12 11
2 12 13
1 49
2 18 25
2 69 70
2 21 61
2 58 57
2 28 87
2 92 9
1 51
2 53 54
2 80 84
2 51 69
2 75 48
2 56 40
2 6 7
2 77 78
2 24 26
2 6 5
2 91 92
1 96
2 52 51
2 97 96
2 86 85
2 63 61
2 19 18
2 66 65
2 33 37
2 67 66
2 96 98
2 61 62
2 44 31
2 18 17
2 81 82
2 57 59
2 100 99
2 11 10
2 55 54
2 95 93
2 36 35
2 15 14
2 33 39
2 43 28
2 32 28
2 79 75
2 66 65
2 88 89
2 78 80
2 30 27
2 28 35
2 1 2
2 72 73
2 27 29
2 76 75
1 47
2 9 10
2 45 35
2 28 31
2 73 74
2 8 9
1 79
2 32 34
2 42 39
2 24 4
2 91 90
2 76 77
2 16 17
2 21 22
2 4 3
2 90 93
2 16 15
2 83 81
2 14 13
2 71 70
2 20 19
2 3 2
2 27 38
2 64 61
2 92 93
1 68
2 27 28
2 5 4
2 31 40
2 29 33
2 38 41
2 61 60
2 84 85
2 22 23
2 8 7
2 12 11
2 12 13
1 49
2 25 18
2 69 70
2 20 21
2 58 57
2 87 88
2 94 92
2 50 51
2 54 53
1 84
2 70 69
1 48
2 56 57
5 10
2 4 8
2 9 8
2 5 3
1 10
2 10 6
1 4
1 8
1 5
1 10
1 6
4 10
2 7 10
2 9 5
2 1 4
1 6
1 7
1 5
1 4
1 6
6 10
2 6 3
2 4 8
2 6 7
1 5
1 9
1 4
1 6
1 8
1 7
1 5
1 9
1 4
5 10
1 1
2 7 4
2 4 8
2 6 2
2 1 2
2 2 1
1 7
1 8
1 6
2 1 3
5 10
2 3 2
2 4 8
2 3 2
2 7 8
2 1 6
2 2 4
1 8
2 3 2
1 7
1 6
6 10
2 3 2
2 6 1
1 5
2 5 7
1 9
2 1 8
2 3 2
1 6
1 5
1 7
1 9
1 8
6 10
2 4 1
2 10 2
1 8
1 7
2 1 6
2 7 5
1 4
1 10
1 8
1 7
1 6
1 5
5 10
1 5
1 4
2 6 2
1 9
1 7
1 5
1 4
1 6
1 9
1 7
6 10
2 8 10
1 2
2 8 5
2 2 7
2 4 6
2 1 8
1 10
2 1 2
1 5
1 7
1 6
1 8
5 10
2 1 7
1 6
1 4
2 6 8
2 5 2
1 7
1 6
1 4
1 8
1 5
5 10
1 6
1 10
2 5 4
2 6 4
1 7
1 6
1 10
1 5
1 4
1 7
4 10
2 10 5
2 1 6
2 4 2
1 5
1 10
1 6
1 4
1 5
31 40
2 30 39
2 22 29
2 5 8
2 12 38
2 10 27
2 13 38
2 39 15
1 3
2 7 6
1 35
2 13 17
2 2 23
2 19 13
2 15 40
2 26 25
1 23
2 6 5
2 26 8
1 34
2 21 10
2 7 23
2 4 21
2 11 18
2 26 23
1 31
1 40
2 24 25
1 31
2 26 29
2 14 13
2 3 31
1 30
1 22
2 9 8
2 12 11
2 4 10
2 38 37
2 13 15
2 2 3
2 6 7
1 35
2 17 13
2 1 2
2 19 13
2 32 33
1 26
1 23
2 6 5
2 27 26
1 34
1 21
2 7 8
2 4 5
2 18 16
2 11 13
1 31
1 40
2 25 24
2 28 29
2 16 11
2 13 14
2 3 4
6 10
2 3 6
1 2
2 8 2
2 3 9
2 2 4
2 7 4
1 6
2 2 3
1 8
1 9
2 3 4
1 7
5 10
1 7
2 4 9
1 6
1 4
2 5 9
1 7
1 9
1 6
1 4
1 5
4 10
2 6 10
2 2 5
1 7
1 1
1 6
1 5
1 7
2 1 2
6 10
1 4
2 8 6
2 7 1
1 10
2 1 9
2 5 4
1 4
1 6
1 7
1 10
1 9
1 5
4 10
1 6
2 6 4
2 10 5
1 8
1 6
1 4
1 5
1 8
4 10
1 10
1 6
2 4 5
2 4 2
1 10
1 6
1 5
1 4
5 10
2 3 2
1 6
2 8 7
2 6 5
1 7
2 2 1
1 6
1 8
1 5
1 7
6 10
1 3
2 2 5
1 9
2 5 6
1 7
1 10
2 2 3
1 5
1 9
1 6
1 7
1 10
6 10
2 4 1
1 8
2 8 6
2 6 7
2 6 8
1 10
2 1 2
1 8
2 2 3
1 7
1 6
1 10
4 10
1 4
2 3 5
2 7 9
1 6
1 4
1 5
1 7
1 6
6 10
1 5
2 2 9
2 3 10
1 6
2 1 6
1 7
1 5
1 9
1 10
1 6
2 2 1
1 7
6 10
2 4 8
1 6
2 10 1
2 6 9
1 5
1 7
1 4
1 6
1 10
1 9
1 5
1 7
5 10
1 8
1 10
1 5
1 6
2 4 10
1 8
1 10
1 5
1 6
1 4
4 10
2 7 3
1 6
2 5 3
2 2 1
1 7
1 6
1 5
2 2 1
7 10
2 5 8
1 7
2 10 4
1 6
1 1
1 5
1 9
1 8
1 7
1 10
1 6
2 1 2
1 5
1 9
5 10
2 10 6
2 4 1
2 1 7
2 9 5
1 8
1 6
1 4
1 7
1 5
1 8
6 10
2 3 5
2 10 6
1 10
1 8
2 4 1
2 7 8
1 5
1 6
1 10
1 8
2 1 2
1 7
5 10
2 3 6
1 4
1 7
1 5
2 10 4
1 6
1 4
1 7
1 5
1 10
6 10
1 10
1 6
1 7
1 4
1 9
2 5 7
1 10
1 6
1 7
1 4
1 9
1 5
4 10
2 9 6
1 7
2 4 1
2 6 5
1 6
1 7
1 4
1 5
6 10
2 5 10
2 4 7
2 2 6
1 5
2 9 1
1 6
1 10
1 7
2 2 1
1 5
1 9
1 6
3 10
2 6 4
1 4
2 7 5
1 6
1 4
1 5
6 10
2 6 8
2 7 5
1 6
2 4 8
1 7
2 9 4
1 8
1 5
1 6
1 4
1 7
1 9
7 10
1 6
2 7 9
1 8
1 10
2 4 6
2 7 5
2 9 7
1 6
1 9
1 8
1 10
1 4
1 5
1 7
6 10
2 10 1
1 8
2 9 3
2 2 6
2 7 1
2 3 9
1 10
1 8
2 2 4
1 6
1 7
2 3 2
5 10
2 7 5
2 2 1
1 5
2 6 7
2 1 8
1 7
2 1 2
1 5
1 6
1 8
4 10
2 4 3
2 2 7
1 5
2 6 9
2 1 2
1 7
1 5
1 6
7 10
2 10 6
2 8 1
1 7
2 3 9
1 6
2 7 4
2 10 5
1 10
1 8
1 7
1 9
1 6
1 4
1 5
5 10
2 9 8
2 2 7
1 10
1 6
1 5
2 2 3
1 7
1 10
1 6
1 5
28 40
2 3 29
1 34
2 2 3
1 21
2 35 34
2 22 12
1 13
1 10
1 38
1 9
2 28 20
2 15 16
2 11 12
2 26 30
2 25 26
2 36 23
2 6 11
2 12 14
2 28 29
1 17
2 6 7
1 1
2 34 25
2 28 5
2 18 20
1 24
1 19
2 30 16
2 3 4
1 34
2 2 3
2 20 21
2 34 35
1 22
2 13 6
2 10 8
2 37 38
2 9 8
1 28
1 16
2 12 11
2 30 31
2 26 25
2 34 36
2 6 11
2 14 12
2 29 28
1 17
2 7 6
2 2 1
2 25 27
2 5 4
1 18
2 23 24
2 8 7
2 32 30
4 10
2 5 9
2 4 7
1 6
1 4
1 5
1 7
1 6
1 4
187 200
2 73 64
2 170 16
1 172
2 129 17
2 31 140
2 63 23
2 170 175
1 1
2 35 51
1 123
2 129 128
2 149 155
1 98
2 194 108
1 17
2 116 196
1 160
2 134 156
1 35
2 131 130
2 19 33
2 198 197
1 13
1 121
2 184 185
2 198 61
2 114 102
2 64 40
2 73 39
2 153 151
2 109 150
2 125 3
2 85 7
2 27 28
2 28 29
2 66 159
2 140 65
1 38
1 121
1 123
2 195 9
2 49 27
2 131 132
1 62
1 22
2 199 198
2 164 113
2 141 143
2 34 35
2 133 72
2 179 6
2 66 184
2 150 30
2 29 30
1 100
2 16 140
2 173 174
2 188 144
1 70
2 83 46
2 71 165
2 193 194
2 125 74
2 90 95
2 100 200
2 74 156
2 167 43
1 194
2 184 149
2 36 50
2 73 34
2 193 184
2 119 61
1 190
2 66 67
2 83 74
1 140
2 32 18
1 89
2 185 145
1 58
2 149 138
2 147 146
1 55
2 5 4
2 11 46
2 94 101
1 24
2 145 146
2 25 2
2 72 107
2 114 40
2 118 119
1 179
2 52 120
2 31 159
2 135 80
2 66 67
2 68 91
2 67 182
2 24 56
2 68 186
2 127 128
1 3
1 8
2 7 6
2 171 172
1 92
2 178 176
1 165
1 167
2 142 129
2 4 36
2 175 57
2 126 127
2 137 195
2 11 91
2 16 187
2 84 23
2 170 92
2 92 67
2 133 165
2 197 200
2 31 30
2 4 3
2 26 27
2 142 141
2 46 146
1 15
2 175 5
2 136 45
2 36 55
2 68 69
2 68 81
2 14 16
2 3 84
2 86 89
2 35 97
1 20
1 44
2 100 162
2 5 112
1 48
1 42
2 194 117
2 40 41
2 135 166
2 41 88
2 187 163
2 7 149
2 41 148
2 183 17
2 161 81
2 92 12
2 93 80
1 2
2 122 123
2 10 40
2 68 67
2 106 102
2 114 200
2 188 185
1 23
2 103 112
2 33 34
2 134 37
2 87 84
2 176 136
2 157 21
1 37
1 53
2 151 58
2 47 52
1 80
1 14
2 58 52
2 18 4
2 152 165
2 176 177
2 139 187
2 173 187
2 186 115
2 17 100
1 54
1 151
1 53
2 42 157
2 73 76
2 65 16
2 172 173
2 17 18
2 179 180
2 15 63
2 170 175
2 2 1
2 50 51
2 123 122
2 128 129
2 149 155
2 98 77
2 32 31
2 17 16
2 195 196
2 159 160
1 156
2 35 36
2 131 130
2 19 20
2 197 198
2 13 12
1 121
2 185 184
2 7 61
2 113 114
2 64 56
2 39 40
2 153 154
2 109 104
2 73 68
2 85 68
2 28 27
2 28 29
2 108 66
2 140 139
2 39 38
2 92 105
2 124 123
2 8 9
2 49 48
2 131 132
2 70 77
2 23 22
2 199 198
2 164 163
2 143 141
2 35 34
1 133
2 179 181
1 184
2 150 151
2 30 29
2 87 100
2 77 79
2 174 173
2 187 188
2 70 88
2 46 45
2 66 71
2 193 194
2 126 125
2 90 95
2 72 66
2 67 74
2 44 43
2 194 193
2 149 150
2 49 50
2 73 94
2 184 189
1 119
2 190 191
2 67 66
2 83 74
2 141 140
2 18 19
2 96 69
2 144 145
2 90 67
2 70 86
2 146 147
2 56 55
2 5 4
2 11 10
2 101 84
2 25 24
2 146 145
2 26 25
2 107 72
2 116 114
2 118 119
2 81 99
2 120 117
2 159 158
2 135 136
2 67 70
2 91 68
2 165 166
2 57 56
2 68 104
2 128 127
2 75 73
2 62 8
2 6 7
2 172 171
2 68 92
2 178 176
2 169 165
2 168 167
2 129 130
2 36 37
2 57 60
2 127 126
2 135 137
2 103 91
2 187 186
2 23 24
2 170 171
2 67 78
2 167 165
2 200 197
2 31 30
2 3 4
2 27 26
2 141 142
2 144 146
2 14 15
2 5 6
2 45 44
2 55 54
2 68 69
2 81 68
2 16 15
2 78 84
2 89 86
2 93 97
2 21 20
2 106 67
2 161 162
2 112 113
2 48 47
2 42 43
2 117 118
2 41 40
2 134 135
2 41 42
2 162 163
2 7 8
2 148 149
2 183 184
2 82 81
2 12 11
2 93 80
2 3 2
2 122 123
2 9 10
2 68 67
2 102 96
2 111 114
2 186 185
2 176 179
2 112 111
2 34 33
2 133 134
2 84 87
2 138 136
2 22 21
2 38 37
2 32 33
2 58 57
2 46 47
2 75 80
2 14 13
2 52 51
2 192 190
2 152 153
2 177 176
2 178 182
2 170 173
2 115 112
2 59 6
2 54 53
2 152 151
2 53 52
2 156 157
31 40
1 22
2 20 6
2 5 6
2 4 36
1 29
1 7
1 24
2 14 25
2 17 34
1 22
2 20 14
2 38 37
2 16 37
1 12
2 11 5
1 8
1 3
1 19
2 17 19
2 27 33
1 23
2 2 29
2 7 6
1 21
2 35 28
1 3
2 13 15
1 31
1 29
2 17 10
2 16 15
2 16 17
1 20
2 5 6
2 4 5
2 28 29
2 8 7
1 24
2 26 25
2 35 34
1 22
2 14 12
2 37 38
1 37
2 13 12
2 11 5
2 8 9
2 4 3
2 40 39
1 19
1 27
2 24 23
2 1 2
2 6 7
1 21
2 35 34
2 2 3
2 13 15
2 30 31
2 29 28
2 10 5
2 15 16
5 10
1 6
2 6 7
1 10
2 3 4
2 5 4
1 6
1 7
1 10
1 4
1 5
5 10
1 4
1 5
2 9 2
2 10 2
2 6 8
1 4
1 5
1 9
1 10
1 6
7 10
2 6 2
1 9
2 8 5
1 7
2 2 3
2 10 8
2 6 9
2 2 3
1 9
1 8
1 7
2 4 3
1 10
1 6
6 10
1 7
2 9 2
1 6
2 4 3
1 10
2 5 10
1 7
1 9
1 6
1 4
1 10
1 5
6 10
2 7 10
1 10
1 1
2 8 3
2 6 4
1 7
2 3 2
1 10
2 2 1
1 8
1 6
1 7
7 10
1 7
2 7 9
1 5
1 8
2 10 1
1 10
1 6
1 7
1 9
2 3 1
1 8
2 1 2
1 10
1 6
6 10
2 10 1
1 9
2 3 2
2 8 6
2 7 2
2 2 8
2 2 1
1 9
2 3 2
1 6
1 7
1 8
28 40
2 15 10
2 5 6
2 13 20
2 37 20
2 2 14
2 15 1
1 4
2 3 5
2 34 16
2 3 14
1 16
2 12 14
2 21 9
1 34
2 10 13
1 1
2 7 25
2 22 23
2 30 31
2 12 8
1 2
2 25 34
2 25 31
2 24 31
2 37 38
2 40 4
1 26
2 8 36
2 10 15
2 6 5
2 7 6
1 20
2 10 11
2 15 16
2 4 5
2 4 3
2 9 7
2 2 3
2 17 16
2 12 14
1 21
2 33 34
2 10 13
2 13 18
2 7 8
1 22
2 31 30
2 12 11
2 1 2
2 25 26
1 31
1 24
2 37 38
2 40 39
2 28 27
1 36
5 10
1 4
2 7 5
2 10 7
2 6 9
2 9 10
1 4
1 5
1 10
1 6
1 9
30 40
1 11
2 10 1
2 38 2
2 30 31
2 26 16
1 13
2 28 29
2 3 4
2 21 22
2 1 38
2 3 2
2 14 13
2 30 34
2 2 35
2 40 39
2 37 1
2 2 29
2 5 14
2 23 24
1 38
2 14 3
2 18 38
2 7 11
2 20 19
1 5
2 23 24
2 25 27
2 38 21
2 40 7
1 12
1 11
1 10
2 26 25
2 31 30
1 16
2 15 13
2 28 29
2 4 3
2 21 22
2 38 37
2 3 2
2 13 14
2 32 30
2 35 34
2 40 39
2 1 2
2 29 28
1 14
2 34 36
2 38 37
2 3 6
2 18 17
2 7 8
2 19 20
2 5 4
2 23 24
2 25 27
1 21
2 40 39
1 12
4 10
2 5 9
1 9
2 9 4
2 10 6
1 5
1 9
1 4
1 6
6 10
1 2
2 3 8
2 7 4
2 7 9
1 1
1 6
2 3 2
1 8
1 7
1 9
2 2 1
1 6
5 10
2 7 4
2 5 8
1 8
2 8 10
2 6 7
1 4
1 5
1 8
1 10
1 6
5 10
2 9 5
1 6
2 4 1
1 10
1 9
1 5
1 6
1 4
1 10
1 9
5 10
2 5 1
2 4 3
2 2 6
1 7
1 8
2 1 2
2 3 1
1 6
1 7
1 8
7 10
2 9 3
2 7 9
1 5
2 1 2
2 6 2
1 10
2 8 2
1 9
1 7
1 5
2 1 2
1 6
1 10
1 8
6 10
2 6 7
1 8
2 5 2
2 6 8
1 10
1 7
2 2 1
1 8
1 5
1 6
1 10
1 7
5 10
2 6 7
2 7 5
1 4
2 7 8
1 7
1 6
1 5
1 4
1 8
1 7
5 10
2 7 4
1 8
1 4
2 4 6
1 1
1 7
1 8
2 4 2
1 6
2 2 3
6 10
2 10 1
2 3 1
2 7 5
2 3 8
2 3 5
2 7 6
1 10
2 2 1
1 7
1 8
2 1 3
1 6
6 10
2 8 7
2 10 5
1 6
2 10 5
2 8 2
1 4
1 7
1 10
1 6
1 5
1 8
1 4
7 10
2 10 4
2 6 9
2 2 1
2 7 9
1 2
2 6 8
2 3 7
1 10
1 6
2 1 2
1 9
2 2 3
1 8
1 7
5 10
1 7
2 1 2
1 6
2 5 3
1 8
1 7
2 2 1
1 6
1 5
1 8
7 10
1 8
2 4 6
1 9
2 9 5
2 1 8
1 10
1 7
1 8
1 6
1 9
2 3 2
2 2 1
1 10
1 7
7 10
2 4 7
1 9
2 7 8
2 8 3
2 6 9
1 10
1 1
1 7
1 9
1 8
2 1 3
1 6
1 10
2 1 2
6 10
2 6 2
1 8
2 1 7
1 2
2 5 10
1 9
1 6
1 8
1 7
2 1 2
1 5
1 9
5 10
2 4 5
1 6
1 4
1 8
2 1 7
1 5
1 6
1 4
1 8
1 7
5 10
2 1 6
2 7 6
1 4
1 8
1 5
1 6
1 7
1 4
1 8
1 5
5 10
2 4 10
2 6 2
2 1 9
1 5
2 10 9
1 4
1 6
1 9
1 5
1 10
4 10
2 10 6
2 5 4
2 3 5
1 8
1 6
1 4
1 5
1 8
5 10
1 6
2 10 4
1 5
1 7
2 9 10
1 6
1 4
1 5
1 7
1 9
5 10
1 5
1 6
1 4
1 10
2 7 3
1 5
1 6
1 4
1 10
1 7
6 10
2 7 4
1 6
2 5 7
2 9 7
1 10
2 6 8
1 4
1 6
1 5
1 7
1 10
1 8
4 10
2 5 6
1 6
1 4
1 8
1 5
1 6
1 4
1 8
5 10
1 8
1 5
1 9
2 4 2
2 1 6
1 8
1 5
1 9
1 4
1 6
4 10
2 5 4
1 8
1 6
2 9 4
1 5
1 8
1 6
1 4
7 10
2 1 2
2 7 6
2 4 7
2 8 9
2 10 1
2 9 2
1 3
2 2 1
2 4 5
1 7
1 8
1 10
1 9
2 3 2
5 10
1 6
1 5
1 4
2 9 10
1 10
1 6
1 5
1 4
1 9
1 10
5 10
1 10
1 6
2 5 1
2 4 2
2 1 9
1 10
1 6
1 5
1 4
1 9
6 10
1 1
2 8 10
2 8 6
1 8
1 7
1 3
2 2 1
1 10
1 6
1 8
1 7
2 2 3
6 10
2 3 9
2 1 3
1 4
2 10 6
1 8
1 7
1 9
2 3 2
2 4 3
1 6
1 8
1 7
7 10
2 3 1
2 9 1
2 7 10
2 7 10
2 8 4
2 1 7
2 6 5
2 1 3
1 9
1 10
1 7
1 8
2 2 1
1 6
7 10
2 10 8
2 9 6
2 7 8
2 5 2
1 1
2 9 6
2 8 10
1 8
1 9
1 7
1 5
2 2 1
1 6
1 10
6 10
1 9
1 4
1 6
2 2 5
1 10
1 8
1 9
1 4
1 6
1 5
1 10
1 8
6 10
1 7
2 2 10
2 7 1
2 4 6
2 8 7
2 6 8
1 7
1 10
2 2 1
1 6
1 8
2 1 3
5 10
2 5 2
2 8 7
1 9
1 6
1 4
1 5
1 7
1 9
1 6
1 4
5 10
1 7
1 8
2 2 1
2 5 10
1 6
1 7
1 8
2 2 1
1 5
1 6
4 10
2 5 4
2 3 4
2 6 2
1 8
1 5
1 4
1 6
1 8
4 10
2 6 7
1 9
2 1 5
2 4 2
1 6
1 9
1 5
1 4
3 10
1 5
2 9 4
1 6
1 5
1 4
1 6
4 10
1 4
1 5
2 7 9
2 3 6
1 4
1 5
1 7
1 6
4 10
1 5
2 6 5
2 5 4
2 7 2
1 5
1 6
1 4
1 7
5 10
2 3 9
1 4
1 7
2 9 5
1 6
1 9
1 4
1 7
1 5
1 6
6 10
1 4
1 7
2 9 7
1 6
2 5 3
2 5 10
1 4
1 7
1 9
1 6
1 5
1 10
5 10
1 5
1 4
1 10
2 7 4
1 6
1 5
1 4
1 10
1 7
1 6
4 10
1 9
1 5
2 4 3
1 6
1 9
1 5
1 4
1 6
3 10
1 6
1 4
1 5
1 6
1 4
1 5
3 10
1 6
2 6 4
1 5
1 6
1 4
1 5
6 10
2 5 6
2 7 2
2 10 8
2 9 8
2 3 2
1 1
1 6
1 7
1 8
1 9
2 2 3
2 2 1
6 10
1 8
1 2
2 6 7
1 7
2 5 7
2 6 9
1 8
2 3 2
1 6
1 7
1 5
1 9
6 10
2 8 2
1 9
1 6
1 7
1 5
2 4 3
1 8
1 9
1 6
1 7
1 5
1 4
5 10
2 9 6
2 9 5
1 7
2 8 9
1 10
1 6
1 5
1 7
1 8
2 1 2
4 10
1 5
1 8
1 6
1 4
1 5
1 8
1 6
1 4
4 10
2 8 4
2 6 1
2 8 6
2 5 4
1 4
1 6
1 8
1 5
5 10
2 6 10
2 4 7
2 1 2
2 5 2
1 9
1 6
1 7
2 1 2
1 5
1 9
6 10
1 7
2 10 1
1 5
2 6 1
2 8 6
2 5 4
1 7
1 10
1 5
1 6
1 8
1 4
5 10
2 6 8
2 10 9
2 6 5
1 6
2 10 4
1 8
1 10
1 5
1 6
1 4
6 10
2 9 6
2 3 5
1 4
1 8
1 6
1 7
1 9
1 5
1 4
1 8
1 6
1 7
4 10
2 5 9
2 10 6
2 4 2
2 9 7
1 5
1 6
1 4
1 7
5 10
1 1
1 5
2 7 9
1 6
2 6 7
2 2 1
1 5
1 9
1 6
1 7
7 10
2 3 8
2 6 1
1 1
2 8 10
1 7
1 9
1 3
1 8
1 6
2 2 1
1 10
1 7
1 9
2 3 1
7 10
1 7
1 10
1 9
2 2 1
2 8 5
2 8 4
2 7 1
1 7
1 10
1 9
2 3 1
2 5 4
1 8
2 2 1
6 10
2 1 8
2 7 2
2 6 7
2 5 3
2 10 2
2 7 9
1 8
1 7
1 6
1 5
2 2 3
1 9
5 10
2 6 8
2 9 7
2 5 3
2 4 7
2 6 1
1 8
1 9
1 5
1 4
1 6
3 10
2 2 6
2 10 4
1 5
1 6
1 4
1 5
6 10
1 4
1 9
1 10
1 7
2 5 6
2 6 5
1 4
1 9
1 10
1 7
1 6
1 5
4 10
2 4 6
1 8
2 9 6
2 5 4
1 4
1 8
1 6
1 5
6 10
2 10 3
1 8
1 6
1 4
1 5
2 6 7
1 10
1 8
1 6
1 4
1 5
1 7
6 10
1 4
2 6 5
1 6
1 7
2 8 2
2 1 9
1 4
1 5
1 6
1 7
1 8
1 9
5 10
1 6
1 8
1 3
1 1
2 7 10
1 6
1 8
2 1 3
2 2 1
1 7
4 10
2 7 4
1 4
1 6
2 5 2
1 7
1 4
1 6
1 5
7 10
2 5 7
2 3 2
2 10 7
1 8
2 1 9
1 6
2 5 9
1 7
2 2 3
1 10
1 8
1 9
1 6
1 5
3 10
1 5
1 6
2 4 2
1 5
1 6
1 4
6 10
2 6 5
2 5 7
2 9 10
1 8
2 2 10
1 1
1 6
1 7
1 9
1 8
2 3 1
2 2 1
7 10
1 7
2 9 4
2 1 9
1 10
2 10 2
1 6
1 8
1 7
1 9
2 2 1
1 10
2 3 2
1 6
1 8
5 10
1 4
2 8 1
1 6
2 7 4
2 3 1
2 1 3
1 8
1 6
1 7
2 2 1
5 10
2 9 7
1 10
2 4 9
2 5 6
1 6
1 9
1 10
1 4
1 5
1 6
8 10
2 8 2
1 9
2 4 8
2 10 1
1 3
1 6
1 10
2 10 7
1 2
1 9
1 8
2 2 1
2 4 3
1 6
1 10
1 7
7 10
1 7
2 6 8
2 5 2
2 10 6
1 10
2 9 7
2 8 2
1 7
1 8
1 5
1 6
1 10
1 9
2 1 2
5 10
1 6
2 3 2
2 8 2
1 7
1 1
1 6
2 3 2
1 8
1 7
2 2 1
9 10
1 2
2 8 5
1 9
2 8 7
2 10 6
2 10 5
2 1 2
2 5 10
2 3 2
2 2 1
1 8
1 9
1 7
2 3 2
2 4 5
2 2 1
1 10
2 3 2
6 10
2 6 8
1 4
2 6 9
2 9 1
1 7
2 5 3
1 8
1 4
1 6
1 9
1 7
1 5
4 10
2 4 6
2 5 10
2 8 6
2 9 8
1 4
1 5
1 6
1 8
4 10
1 9
2 8 6
2 4 5
1 5
1 9
1 6
1 4
1 5
32 40
1 19
1 23
1 17
2 40 26
2 1 11
1 22
1 3
2 19 7
2 21 2
1 32
1 13
2 5 6
2 11 30
2 27 22
2 15 14
2 7 29
1 4
2 3 34
2 35 15
1 34
2 23 39
2 19 7
2 7 6
2 8 1
2 16 28
1 3
2 9 37
2 36 14
1 30
2 21 8
2 13 18
2 19 39
2 17 19
1 23
2 13 17
1 26
2 1 11
1 22
2 12 13
2 10 7
2 1 2
1 32
2 13 14
2 5 6
1 30
1 27
2 14 15
1 29
2 4 5
2 2 3
2 35 36
2 34 33
2 39 40
2 7 8
2 7 6
2 8 9
2 16 14
2 3 4
1 37
2 36 35
2 31 30
1 21
2 13 18
1 39
6 10
2 2 8
1 4
2 8 3
1 7
2 7 1
2 9 7
1 8
2 5 4
2 2 3
1 7
2 2 1
1 9
5 10
2 3 5
1 6
2 8 9
2 3 4
1 10
1 5
1 6
1 8
1 4
1 10
6 10
1 5
1 6
2 8 6
2 3 10
2 4 2
1 9
1 5
1 6
1 8
1 10
1 4
1 9
5 10
1 4
1 9
1 7
1 6
2 5 7
1 4
1 9
1 7
1 6
1 5
6 10
1 7
2 5 2
1 6
2 10 1
1 9
2 5 2
1 7
2 2 1
1 6
1 10
1 9
1 5
6 10
2 9 8
2 5 8
1 8
1 6
1 10
2 10 4
1 9
1 5
1 8
1 6
1 10
1 4
7 10
2 10 7
2 5 9
2 2 10
2 6 3
2 3 7
2 6 9
2 4 8
2 2 4
2 3 2
1 10
1 6
1 7
1 9
1 8
6 10
2 7 8
1 4
1 6
1 8
1 9
2 8 2
1 7
2 2 4
1 6
1 8
1 9
2 2 3
6 10
2 8 9
2 6 4
2 8 10
1 4
1 7
2 5 10
1 9
1 6
1 8
1 4
1 7
1 5
6 10
1 5
2 9 2
1 6
1 4
2 3 8
1 10
1 5
1 9
1 6
1 4
1 8
1 10
6 10
2 4 5
1 7
2 8 10
2 6 10
2 3 2
2 8 3
2 4 2
1 7
1 10
1 6
2 2 3
1 8
5 10
2 8 3
2 6 5
2 1 2
2 5 9
1 7
1 8
1 6
2 2 1
1 5
1 7
5 10
2 5 2
1 8
1 10
1 6
2 4 7
1 5
1 8
1 10
1 6
1 4
5 10
2 1 5
1 9
2 10 6
2 4 2
2 10 8
1 5
1 9
1 6
1 4
1 10
6 10
2 7 9
1 8
2 6 3
1 7
2 4 2
2 3 6
1 9
1 8
2 2 3
1 7
2 3 4
1 6
5 10
2 1 4
2 7 6
1 6
1 5
2 8 7
1 4
1 7
1 6
1 5
1 8
5 10
2 6 7
1 5
1 4
2 9 5
1 8
1 6
1 5
1 4
1 9
1 8
4 10
2 1 4
1 9
2 5 2
2 6 7
1 4
1 9
1 5
1 6
6 10
2 2 1
1 7
2 9 4
1 8
2 6 8
2 4 3
2 2 1
1 7
1 9
1 8
1 6
2 1 3
6 10
1 4
2 4 7
1 9
1 10
2 6 7
2 6 5
1 4
1 7
1 9
1 10
1 6
1 5
6 10
2 8 7
2 8 5
2 10 1
2 9 5
2 6 7
1 4
1 8
1 5
1 10
1 9
1 6
1 4
6 10
1 8
1 6
1 10
1 4
2 9 7
2 4 5
1 8
1 6
1 10
1 4
1 9
1 5
7 10
2 7 4
2 8 3
1 6
1 10
2 9 3
1 7
2 5 1
1 4
1 8
1 6
1 10
1 9
1 7
1 5
5 10
2 7 8
2 6 4
2 7 8
2 5 7
1 6
1 7
1 4
1 8
1 5
1 6
