37
37
43
29
37
33
39
34
162
36
38
42
28
34
163
43
38
34
29
36
36
32
35
28
36
32
35
38
32
34
33
38
34
37
35
39
37
38
34
43
32
32
31
32
35
35
32
35
31
32
34
36
162
156
39
34
32
31
34
-1
38
34
34
40
44
36
37
37
-1
32
36
28
36
36
416
130
39
40
35
39
36
31
41
44
35
38
36
33
38
32
31
41
31
29
402
35
36
36
32
180
43
39
32
33
167
32
35
40
29
37
33
33
35
37
35
31
26
36
41
178
38
32
451
31
35
38
35
36
35
40
38
-1
36
39
32
26
36
40
34
36
32
37
39
35
35
34
36
36
37
36
44
34
179
30
31
31
34
35
39
42
42
38
29
39
45
30
38
39
29
30
34
38
35
34
42
162
34
35
38
32
31
36
27
39
42
39
149
43
38
32
35
41
45
34
38
44
33
158
32
34
45
38
34
34
32
39
39
38
41
36
38
34
31
33
38
30
33
34
32
36
41
40
35
36
41
36
176
37
36
35
28
46
50
39
37
172
20
37
44
41
40
38
37
35
35
425
45
38
31
31
31
32
51
34
34
36
36
29
38
35
38
38
33
163
39
33
36
37
36
37
32
32
37
37
38
30
39
37
38
37
32
38
156
31
28
32
35
39
33
44
30
32
40
36
35
35
46
167
35
159
37
36
32
38
33
-1
42
43
26
31
30
40
41
28
31
39
37
39
447
38
34
170
32
36
30
37
32
37
40
38
33
33
37
38
40
36
43
35
37
21
34
35
34
31
28
35
41
36
46
38
30
38
32
45
36
35
27
161
38
37
38
375
33
36
40
39
28
46
33
44
38
35
32
33
37
34
162
159
36
36
31
37
31
34
38
26
38
34
37
29
141
30
33
39
41
42
32
37
29
32
36
33
37
42
26
35
29
40
33
31
151
42
36
38
45
32
171
36
32
36
40
40
30
38
39
33
37
34
39
38
34
38
39
154
41
38
33
37
34
32
39
40
41
40
38
33
41
43
37
41
35
34
34
36
31
37
32
43
40
34
29
32
31
32
33
32
37
36
34
40
27
33
30
33
34
42
36
34
34
36
31
43
40
41
45
176
31
386
33
36
29
38
31
40
33
160
41
37
42
41
32
35
37
26
35
-1
36
34
34
43
39
48
33
147
28
38
30
29
39
34
38
37
37
39
37
44
40
35
28
29
33
30
41
45
39
39
40
37
40
33
33
39
45
36
38
36
42
36
37
34
45
40
29
42
37
26
31
33
34
39
38
39
39
38
38
37
30
38
31
41
40
33
434
37
35
37
32
29
36
32
171
36
34
45
32
38
33
36
38
165
38
34
38
36
904
41
32
43
29
41
34
33
37
38
39
36
36
37
46
36
39
33
37
39
33
40
32
34
39
34
39
35
31
39
38
46
40
32
42
38
29
38
35
36
45
40
41
42
35
47
32
38
45
-1
36
43
36
38
32
-1
33
41
37
37
30
33
171
163
36
40
38
43
44
39
38
37
42
37
35
37
32
30
37
30
30
33
34
33
33
36
35
33
33
32
29
36
43
41
33
30
40
36
33
37
32
36
27
39
38
34
454
36
34
36
30
35
36
42
30
34
171
39
28
36
34
38
37
27
42
35
33
41
39
37
31
31
30
42
40
39
45
29
40
35
37
35
36
35
40
40
35
191
39
37
44
40
43
33
156
35
32
32
37
163
156
36
166
29
44
39
44
31
38
31
32
37
33
166
38
35
37
35
36
39
42
171
39
29
38
37
37
46
36
40
38
34
39
26
36
33
41
40
30
39
38
42
31
38
29
41
43
43
31
38
39
38
44
-1
37
38
37
32
38
33
40
36
39
34
41
43
35
33
35
35
150
40
-1
37
40
41
34
162
39
38
38
42
28
33
33
42
33
39
31
36
35
43
43
37
32
-1
29
35
29
29
38
27
39
38
32
32
152
32
158
40
31
147
41
34
43
39
40
32
37
42
46
39
33
42
160
37
33
43
37
34
34
30
39
-1
34
35
29
37
30
37
34
32
34
33
34
27
43
30
40
43
38
33
36
42
36
38
44
34
38
36
37
39
38
38
29
41
40
44
404
151
31
34
39
41
41
32
34
34
35
36
45
29
32
34
42
44
38
32
42
31
31
40
40
37
36
29
37
34
40
40
36
32
37
40
34
36
40
33
42
36
36
37
37
34
-1
41
33
38
30
38
37
41
156
35
38
169
30
33
38
31
40
35
44
35
30
40
43
34
31
38
39
36
35
31
35
39
