1000
4 10
1 9
1 7
1 10
1 10
1 9
1 7
2 10 8
2 10 3
4 10
1 3
1 2
1 9
1 6
1 3
1 2
1 9
1 6
5 10
1 2
1 10
1 1
1 5
1 6
2 9 2
1 10
1 1
1 5
1 6
4 10
1 7
1 9
1 5
1 3
1 7
1 9
1 5
1 3
5 10
1 2
1 4
1 5
1 9
1 1
1 2
1 4
2 7 5
1 9
1 1
2 10
1 10
1 4
1 10
1 4
6 10
1 5
1 8
1 3
1 6
1 4
1 10
1 5
1 8
1 3
1 6
2 1 4
1 10
4 10
1 9
1 5
1 1
1 6
1 9
1 5
1 1
1 6
1 10
1 2
1 2
4 10
1 1
1 10
1 3
1 6
1 1
1 10
1 3
1 6
1 10
1 2
1 2
2 10
1 4
1 7
1 4
1 7
4 10
1 2
1 1
1 8
1 7
2 2 1
2 1 10
1 8
1 7
2 10
1 6
1 7
1 6
1 7
3 10
1 2
1 4
1 1
1 2
1 4
1 1
2 10
1 5
1 1
1 5
1 1
3 10
1 6
1 10
1 7
2 5 6
1 10
1 7
29 40
1 10
1 32
1 35
1 22
1 27
1 34
1 23
1 2
1 30
1 3
1 39
1 34
1 22
1 3
1 4
1 36
1 3
1 23
1 29
1 17
1 7
1 14
1 5
1 32
1 19
1 20
1 18
1 5
1 8
2 10 25
2 32 1
2 6 35
2 22 28
2 4 27
2 40 34
2 15 23
2 2 35
2 1 30
1 3
1 39
2 34 12
2 22 31
2 3 13
2 6 4
1 36
2 3 11
2 23 10
2 20 29
2 17 37
2 17 7
2 16 14
2 5 21
2 32 1
1 19
1 20
1 18
1 5
2 7 8
3 10
1 6
1 9
1 7
1 6
2 10 9
1 7
3 10
1 5
1 7
1 6
1 5
1 7
1 6
6 10
1 5
1 8
1 10
1 4
1 3
1 2
1 5
1 8
1 10
1 4
1 3
1 2
4 10
1 5
1 3
1 6
1 10
1 5
1 3
1 6
1 10
5 10
1 9
1 8
1 5
1 1
1 6
1 9
1 8
1 5
2 1 2
1 6
3 10
1 6
1 2
1 1
1 6
1 2
1 1
3 10
1 3
1 7
1 2
1 3
1 7
1 2
4 10
1 2
1 6
1 9
1 1
1 2
1 6
1 9
1 1
3 10
1 6
1 1
1 6
2 6 3
1 1
2 5 6
2 10
1 10
1 3
1 10
1 3
4 10
1 7
1 9
1 3
1 9
1 7
2 5 9
1 3
2 8 9
3 10
1 7
1 4
1 10
1 7
1 4
1 10
3 10
1 1
1 2
1 4
1 1
1 2
1 4
3 10
1 10
1 9
1 6
1 10
2 1 9
1 6
5 10
1 8
1 1
1 9
1 2
1 7
1 8
1 1
1 9
1 2
1 7
4 10
1 8
1 9
1 2
1 10
1 8
1 9
1 2
1 10
4 10
1 8
1 9
1 7
1 2
1 8
1 9
2 6 7
1 2
5 10
1 1
1 2
1 4
1 9
1 6
1 1
1 2
1 4
1 9
1 6
3 10
1 9
1 3
1 6
1 9
1 3
1 6
188 200
1 84
1 174
1 177
1 158
1 8
1 8
1 84
1 115
1 19
1 161
1 123
1 105
1 108
1 173
1 188
1 48
1 43
1 115
1 19
1 20
1 19
1 69
1 60
1 15
1 96
1 156
1 154
1 174
1 57
1 19
1 136
1 84
1 89
1 137
1 19
1 173
1 47
1 118
1 89
1 47
1 171
1 146
1 122
1 55
1 8
1 124
1 174
1 48
1 46
1 8
1 108
1 75
1 84
1 83
1 173
1 8
1 189
1 130
1 89
1 110
1 174
1 8
1 105
1 8
1 171
1 89
1 115
1 183
1 171
1 90
1 120
1 1
1 84
1 178
1 27
1 108
1 124
1 194
1 193
1 108
1 51
1 89
1 8
1 107
1 103
1 32
1 20
1 8
1 197
1 192
1 88
1 126
1 28
1 173
1 19
1 116
1 89
1 65
1 173
1 173
1 36
1 185
1 8
1 174
1 74
1 19
1 173
1 173
1 173
1 30
1 77
1 49
1 90
1 153
1 174
1 19
1 174
1 108
1 141
1 171
1 112
1 171
1 38
1 8
1 103
1 174
1 115
1 73
1 141
1 89
1 20
1 173
1 20
1 94
1 130
1 174
1 156
1 89
1 8
1 84
1 111
1 26
1 88
1 20
1 174
1 108
1 65
1 119
1 105
1 57
1 115
1 47
1 19
1 89
1 104
1 41
1 188
1 116
1 84
1 142
1 189
1 173
1 174
1 64
1 79
1 11
1 90
1 26
1 107
1 107
1 20
1 50
1 20
1 108
1 169
1 142
1 111
1 90
1 8
1 8
1 124
1 108
1 104
1 90
1 89
1 115
1 166
1 33
1 84
2 20 174
2 46 177
2 151 158
2 174 8
2 20 8
2 89 84
2 105 115
1 19
2 161 160
2 118 123
2 115 105
2 108 115
2 174 173
2 70 188
2 113 48
2 92 43
2 84 115
2 19 89
2 20 8
2 108 19
2 85 69
2 60 127
2 79 15
2 96 165
2 156 82
2 154 146
2 174 173
1 57
2 19 108
2 19 136
2 174 84
2 89 8
2 115 137
2 171 19
2 84 173
2 167 47
2 44 118
2 89 90
1 47
2 171 84
2 131 146
2 100 122
2 55 38
1 8
2 124 67
2 171 174
2 48 147
2 177 46
2 108 8
2 108 8
2 119 75
2 84 20
2 83 25
2 173 90
2 8 171
2 105 189
1 130
2 115 89
2 165 110
2 174 105
2 8 171
2 105 20
2 8 105
2 171 90
2 89 84
2 171 115
2 80 183
2 171 173
2 171 90
2 120 195
2 110 1
2 84 89
2 59 178
2 27 134
2 108 174
2 124 9
2 104 194
2 193 14
1 108
2 112 51
2 89 104
2 8 173
2 180 107
2 103 148
2 32 64
2 20 171
2 84 8
2 197 174
2 171 192
2 120 88
2 126 32
2 28 102
2 108 173
1 19
2 152 116
2 174 89
2 101 65
2 20 173
2 84 173
2 69 36
2 36 185
2 174 8
2 84 174
2 74 147
2 89 19
2 115 173
2 84 173
2 173 108
2 30 53
2 185 77
2 49 138
2 173 90
2 146 153
2 19 174
2 20 19
2 174 108
2 89 108
2 141 54
2 171 8
2 42 112
2 108 171
2 174 38
2 8 174
1 103
2 108 174
2 115 173
2 73 40
2 141 46
2 89 8
2 20 90
2 173 171
2 20 115
1 94
2 130 86
2 174 20
1 156
2 89 20
2 8 90
2 84 8
2 95 111
2 26 11
2 88 107
2 20 171
2 174 90
2 89 108
2 72 65
2 92 119
2 84 105
2 57 184
2 115 173
2 47 188
2 174 19
2 89 20
2 40 104
2 41 52
2 188 163
2 116 28
2 84 105
2 198 142
2 71 189
2 173 90
2 171 174
1 64
2 79 93
1 11
2 90 108
2 178 26
2 107 124
2 107 122
1 20
2 33 50
2 71 20
2 108 171
2 46 169
2 110 142
2 111 25
2 171 90
2 8 171
2 8 108
2 124 110
2 108 89
2 60 104
2 171 90
2 89 84
2 115 89
2 15 166
2 178 33
30 40
1 34
1 30
1 5
1 7
1 27
1 13
1 2
1 36
1 3
1 29
1 1
1 18
1 24
1 1
1 16
1 37
1 19
1 27
1 3
1 32
1 3
1 35
1 36
1 17
1 30
1 22
1 9
1 21
1 35
1 28
2 34 36
2 30 26
2 5 15
2 7 14
2 27 25
2 8 13
2 2 24
2 40 36
2 3 1
2 10 29
2 1 38
2 18 6
2 24 20
2 1 23
2 6 16
1 37
2 11 19
1 27
2 9 3
1 32
2 3 15
2 35 7
2 36 40
1 17
1 30
2 22 20
2 12 9
2 21 33
2 22 35
2 31 28
5 10
1 6
1 6
1 10
1 2
1 5
2 8 6
2 6 3
1 10
2 9 2
1 5
6 10
1 10
1 6
1 4
1 9
1 1
1 2
1 10
1 6
1 4
1 9
1 1
1 2
3 10
1 6
1 1
1 9
1 6
1 1
1 9
4 10
1 10
1 10
1 6
1 5
2 7 10
2 4 10
1 6
1 5
4 10
1 5
1 7
1 10
1 9
1 5
1 7
1 10
1 9
85 100
1 4
1 86
1 43
1 46
1 40
1 66
1 78
1 89
1 100
1 53
1 55
1 28
1 54
1 67
1 5
1 99
1 17
1 11
1 18
1 71
1 36
1 88
1 83
1 49
1 81
1 74
1 7
1 56
1 77
1 34
1 72
1 93
1 47
1 13
1 76
1 57
1 32
1 62
1 20
1 69
1 33
1 14
1 32
1 28
1 53
1 92
1 10
1 95
1 8
1 90
1 87
1 50
1 10
1 24
1 26
1 28
1 25
1 75
1 64
1 15
1 94
1 38
1 65
1 42
1 91
1 44
1 51
1 91
1 73
1 24
1 84
1 19
1 96
1 12
1 28
1 16
1 79
1 35
1 64
1 13
1 45
1 9
1 29
1 52
1 42
2 74 4
2 86 16
2 82 43
2 10 46
2 40 90
2 66 96
2 78 63
2 89 18
2 100 85
2 35 53
2 55 26
2 74 28
2 54 88
2 69 67
2 5 60
2 99 2
2 17 75
2 11 77
2 6 18
2 71 100
1 36
2 38 88
2 83 2
2 3 49
2 81 68
2 74 60
2 7 100
2 12 56
2 44 77
1 34
2 21 72
2 79 93
2 47 30
2 1 13
2 76 81
2 61 57
2 10 32
2 65 62
2 20 68
2 69 52
2 33 41
2 14 19
2 39 32
2 93 28
2 86 53
2 92 23
2 27 10
2 99 95
2 51 8
2 90 22
2 87 50
2 50 57
2 10 47
2 97 24
2 8 26
2 28 43
2 25 34
1 75
2 90 64
1 15
2 10 94
2 38 87
2 6 65
2 70 42
2 66 91
2 78 44
2 51 29
2 91 55
1 73
2 31 24
2 7 84
2 19 59
2 96 69
2 12 95
2 28 47
2 16 81
2 79 37
2 35 56
2 47 64
2 13 58
2 48 45
2 14 9
2 29 61
2 83 52
1 42
4 10
1 1
1 8
1 9
1 6
1 1
1 8
1 9
1 6
1 10
1 4
1 4
3 10
1 8
1 5
1 1
1 8
1 5
1 1
5 10
1 7
1 4
1 2
1 9
1 10
1 7
2 4 3
1 2
1 9
2 8 10
4 10
1 9
1 1
1 6
1 8
1 9
1 1
1 6
2 8 5
1 10
1 1
1 1
3 10
1 5
1 8
1 2
1 5
1 8
1 2
3 10
1 2
1 5
1 7
1 2
1 5
1 7
4 10
1 10
1 2
1 1
1 4
1 10
1 2
1 1
1 4
4 10
1 9
1 2
1 6
1 7
1 9
1 2
2 1 6
1 7
1 10
1 6
1 6
5 10
1 5
1 7
1 8
1 1
1 9
1 5
1 7
1 8
2 3 1
2 6 9
3 10
1 7
1 3
1 10
1 7
1 3
1 10
2 10
1 3
1 4
1 3
1 4
4 10
1 2
1 8
1 6
1 4
1 2
1 8
1 6
1 4
3 10
1 10
1 3
1 4
1 10
1 3
1 4
5 10
1 5
1 4
1 10
1 3
1 9
1 5
1 4
1 10
1 3
1 9
6 10
1 6
1 9
1 2
1 8
1 7
1 5
1 6
1 9
1 2
1 8
1 7
1 5
2 10
1 6
1 5
1 6
1 5
4 10
1 8
1 8
1 1
1 10
2 8 2
2 8 9
1 1
1 10
5 10
1 7
1 10
1 9
1 1
1 3
2 7 10
2 5 10
1 9
1 1
1 3
3 10
1 10
1 8
1 7
1 10
2 8 1
1 7
5 10
1 8
1 9
1 5
1 7
1 7
1 8
1 9
1 5
2 3 7
2 7 4
5 10
1 3
1 5
1 4
1 8
1 7
1 3
1 5
1 4
2 10 8
2 1 7
31 40
1 4
1 3
1 24
1 31
1 5
1 15
1 8
1 34
1 23
1 17
1 3
1 40
1 6
1 16
1 29
1 37
1 39
1 21
1 4
1 26
1 7
1 10
1 28
1 19
1 4
1 38
1 35
1 7
1 29
1 14
1 2
2 34 4
2 3 33
2 24 35
1 31
2 5 30
1 15
2 8 40
2 36 34
1 23
2 25 17
1 3
2 36 40
2 6 13
2 16 11
2 29 10
2 30 37
2 14 39
2 21 12
2 4 18
2 16 26
1 7
2 27 10
2 37 28
1 19
2 4 21
2 38 12
2 35 9
2 7 32
1 29
1 14
2 2 38
3 10
1 7
1 9
1 2
1 7
1 9
1 2
3 10
1 3
1 9
1 2
1 3
1 9
1 2
4 10
1 5
1 4
1 7
1 2
1 5
2 4 9
1 7
1 2
3 10
1 2
1 5
1 6
2 1 2
1 5
1 6
3 10
1 3
1 9
1 10
1 3
1 9
1 10
3 10
1 5
1 9
1 3
1 5
1 9
1 3
1 10
1 1
1 1
4 10
1 2
1 6
1 8
1 4
1 2
1 6
1 8
1 4
2 10
1 8
1 9
1 8
1 9
4 10
1 6
1 6
1 2
1 1
2 3 6
2 6 9
1 2
1 1
5 10
1 6
1 5
1 4
1 8
1 3
2 6 10
1 5
2 4 10
1 8
1 3
6 10
1 2
1 6
1 7
1 5
1 3
1 10
1 2
1 6
1 7
1 5
1 3
1 10
4 10
1 6
1 8
1 5
1 10
1 6
1 8
1 5
1 10
4 10
1 5
1 2
1 3
1 4
1 5
1 2
1 3
1 4
3 10
1 8
1 4
1 5
1 8
2 4 2
1 5
4 10
1 2
1 7
1 1
1 7
1 2
2 4 7
1 1
2 3 7
3 10
1 2
1 9
1 6
2 2 4
1 9
2 2 6
5 10
1 6
1 4
1 7
1 1
1 10
1 6
1 4
1 7
1 1
1 10
4 10
1 2
1 5
1 3
1 6
1 2
1 5
1 3
1 6
7 10
1 3
1 4
1 5
1 8
1 6
1 9
1 10
1 3
1 4
2 2 5
1 8
1 6
1 9
1 10
2 10
1 5
1 9
1 5
1 9
4 10
1 5
1 6
1 4
1 7
2 5 2
2 5 6
1 4
1 7
4 10
1 1
1 2
1 10
1 5
1 1
1 2
1 10
1 5
4 10
1 4
1 6
1 9
1 2
1 4
1 6
1 9
1 2
5 10
1 3
1 9
1 9
1 7
1 1
1 3
2 2 9
2 8 9
1 7
1 1
6 10
1 9
1 7
1 10
1 3
1 1
1 2
1 9
1 7
1 10
1 3
1 1
1 2
3 10
1 2
1 8
1 4
1 2
1 8
1 4
29 40
1 13
1 11
1 18
1 23
1 9
1 35
1 3
1 35
1 26
1 27
1 7
1 13
1 36
1 6
1 36
1 20
1 24
1 15
1 5
1 19
1 30
1 5
1 1
1 28
1 11
1 3
1 9
1 40
1 37
2 13 17
2 31 11
2 32 18
2 32 23
2 39 9
2 30 35
2 29 3
2 35 1
1 26
2 34 27
2 7 14
2 15 13
2 12 36
2 6 15
2 36 20
2 20 19
1 24
2 21 15
2 5 2
2 19 14
2 30 23
1 5
2 28 1
2 14 28
2 11 13
1 3
2 13 9
2 40 16
2 8 37
2 10
1 2
1 8
1 2
1 8
4 10
1 9
1 6
1 10
1 4
1 9
1 6
1 10
1 4
1 10
1 5
1 5
2 10
1 4
1 8
1 4
1 8
5 10
1 1
1 9
1 2
1 8
1 2
1 1
1 9
2 2 10
1 8
2 2 6
4 10
1 2
1 9
1 6
1 10
1 2
2 1 9
1 6
1 10
31 40
1 23
1 16
1 1
1 31
1 27
1 33
1 17
1 21
1 9
1 2
1 32
1 9
1 30
1 30
1 5
1 4
1 22
1 17
1 25
1 38
1 10
1 37
1 22
1 39
1 17
1 19
1 17
1 35
1 19
1 27
1 14
1 23
2 16 14
1 1
2 4 31
2 27 8
2 6 33
2 17 25
2 29 21
2 9 31
2 25 2
2 13 32
2 3 9
2 40 30
2 30 7
1 5
2 4 7
2 12 22
2 17 18
2 25 20
2 24 38
2 15 10
1 37
1 22
2 39 34
2 17 15
2 16 19
2 17 32
2 35 30
2 19 35
1 27
2 14 24
4 10
1 7
1 9
1 3
1 4
1 7
1 9
2 3 5
1 4
4 10
1 5
1 8
1 2
1 9
1 5
1 8
1 2
1 9
6 10
1 4
1 2
1 1
1 3
1 3
1 6
1 4
1 2
1 1
2 7 3
2 8 3
1 6
3 10
1 10
1 6
1 9
1 10
1 6
1 9
4 10
1 9
1 5
1 6
1 1
1 9
1 5
1 6
1 1
2 10
1 4
1 6
1 4
1 6
2 10
1 2
1 7
1 2
1 7
3 10
1 2
1 3
1 9
1 2
1 3
1 9
3 10
1 10
1 3
1 8
1 10
1 3
1 8
1 10
1 10
1 10
5 10
1 3
1 8
1 10
1 4
1 2
1 3
1 8
1 10
1 4
1 2
2 10
1 8
1 4
1 8
1 4
3 10
1 5
1 6
1 9
1 5
1 6
1 9
4 10
1 10
1 1
1 2
1 9
1 10
1 1
1 2
1 9
4 10
1 2
1 7
1 4
1 10
1 2
1 7
1 4
1 10
3 10
1 10
1 2
1 6
1 10
1 2
1 6
5 10
1 7
1 9
1 10
1 2
1 6
1 7
1 9
1 10
2 5 2
1 6
3 10
1 3
1 2
1 5
1 3
1 2
1 5
5 10
1 2
1 10
1 5
1 7
1 9
1 2
1 10
2 5 1
1 7
2 4 9
5 10
1 4
1 8
1 10
1 7
1 5
1 4
2 8 7
1 10
2 7 2
1 5
4 10
1 5
1 9
1 3
1 2
1 5
1 9
1 3
1 2
4 10
1 3
1 7
1 6
1 8
1 3
1 7
1 6
1 8
4 10
1 3
1 4
1 6
1 1
1 3
1 4
1 6
1 1
3 10
1 1
1 4
1 5
2 1 9
1 4
1 5
4 10
1 6
1 4
1 1
1 10
1 6
1 4
1 1
1 10
3 10
1 8
1 3
1 7
1 8
1 3
2 7 4
5 10
1 4
1 9
1 6
1 1
1 5
1 4
1 9
1 6
1 1
1 5
4 10
1 7
1 1
1 2
1 5
1 7
1 1
1 2
1 5
2 10
1 5
1 10
1 5
1 10
2 10
1 1
1 6
1 1
1 6
6 10
1 7
1 8
1 2
1 10
1 5
1 1
1 7
1 8
1 2
2 10 3
1 5
1 1
3 10
1 8
1 3
1 6
1 8
1 3
1 6
2 10
1 10
1 5
1 10
1 5
3 10
1 4
1 6
1 5
1 4
1 6
1 5
4 10
1 4
1 10
1 7
1 3
1 4
1 10
1 7
1 3
3 10
1 4
1 9
1 7
1 4
1 9
1 7
5 10
1 8
1 4
1 8
1 2
1 7
2 9 8
1 4
2 8 1
1 2
1 7
3 10
1 1
1 9
1 4
2 2 1
1 9
1 4
4 10
1 10
1 2
1 7
1 4
1 10
2 1 2
1 7
1 4
4 10
1 2
1 5
1 4
1 10
1 2
1 5
1 4
1 10
5 10
1 4
1 6
1 5
1 7
1 3
1 4
1 6
1 5
1 7
1 3
26 40
1 18
1 27
1 10
1 17
1 38
1 35
1 26
1 8
1 13
1 33
1 37
1 14
1 10
1 10
1 22
1 6
1 35
1 3
1 40
1 15
1 23
1 15
1 6
1 34
1 27
1 6
2 21 18
2 13 27
2 30 10
2 28 17
1 38
2 2 35
2 26 40
2 8 20
2 24 13
2 4 33
2 37 3
2 14 18
2 36 10
2 29 10
2 22 21
2 7 6
2 35 19
2 5 3
2 40 29
2 15 31
2 24 23
2 11 15
1 6
2 34 39
2 22 27
2 6 32
4 10
1 10
1 3
1 7
1 5
1 10
1 3
1 7
1 5
5 10
1 8
1 3
1 5
1 4
1 6
1 8
1 3
1 5
1 4
1 6
3 10
1 9
1 2
1 7
1 9
1 2
1 7
2 10
1 1
1 9
1 1
1 9
3 10
1 1
1 3
1 10
1 1
1 3
1 10
3 10
1 6
1 2
1 8
1 6
2 2 10
1 8
5 10
1 6
1 4
1 7
1 1
1 5
1 6
2 1 4
1 7
2 10 1
1 5
2 10
1 2
1 10
1 2
1 10
6 10
1 9
1 8
1 10
1 1
1 4
1 6
1 9
1 8
1 10
1 1
1 4
1 6
3 10
1 4
1 5
1 7
1 4
2 7 5
2 7 6
187 200
1 23
1 16
1 5
1 161
1 105
1 53
1 146
1 161
1 144
1 94
1 30
1 7
1 90
1 178
1 133
1 21
1 29
1 43
1 74
1 195
1 85
1 70
1 99
1 61
1 173
1 15
1 15
1 138
1 122
1 94
1 148
1 178
1 106
1 84
1 83
1 186
1 1
1 64
1 131
1 34
1 179
1 120
1 177
1 111
1 173
1 4
1 39
1 92
1 200
1 193
1 105
1 125
1 68
1 66
1 80
1 136
1 8
1 57
1 157
1 126
1 158
1 142
1 59
1 50
1 26
1 79
1 65
1 179
1 135
1 44
1 115
1 60
1 166
1 3
1 146
1 170
1 78
1 152
1 36
1 155
1 82
1 54
1 113
1 26
1 183
1 2
1 81
1 130
1 78
1 184
1 44
1 188
1 55
1 30
1 191
1 72
1 198
1 160
1 93
1 105
1 172
1 120
1 91
1 75
1 81
1 137
1 23
1 16
1 83
1 191
1 68
1 87
1 53
1 136
1 18
1 3
1 36
1 189
1 15
1 121
1 86
1 124
1 106
1 181
1 14
1 117
1 36
1 66
1 28
1 17
1 44
1 21
1 129
1 73
1 18
1 150
1 189
1 175
1 19
1 54
1 19
1 41
1 165
1 67
1 63
1 160
1 151
1 26
1 31
1 4
1 180
1 11
1 91
1 79
1 120
1 47
1 20
1 154
1 158
1 192
1 6
1 164
1 98
1 15
1 71
1 83
1 12
1 112
1 143
1 94
1 5
1 104
1 140
1 77
1 141
1 86
1 28
1 174
1 110
1 161
1 139
1 118
1 38
1 194
1 88
1 170
1 107
1 23
2 16 77
2 5 190
2 24 161
2 74 105
2 101 53
2 146 42
2 161 71
2 144 47
2 109 94
2 30 125
2 7 99
2 100 90
2 178 58
2 105 133
2 116 21
2 149 29
2 73 43
2 74 29
2 60 195
2 46 85
2 84 70
2 99 7
2 146 61
2 89 173
2 15 187
2 127 15
2 122 138
2 32 122
2 14 94
2 105 148
2 178 63
2 106 82
2 84 64
2 105 83
2 14 186
2 173 1
2 64 108
2 103 131
2 166 34
2 78 179
2 120 176
2 38 177
2 83 111
2 173 139
2 4 180
2 39 122
2 92 20
2 200 22
2 69 193
2 105 65
2 125 48
2 193 68
2 66 62
2 193 80
2 134 136
2 97 8
2 57 27
2 99 157
2 191 126
2 168 158
2 142 95
2 8 59
2 50 133
2 123 26
2 79 156
2 65 155
2 179 22
2 33 135
2 44 174
2 115 10
2 13 60
2 178 166
2 67 3
2 49 146
2 26 170
2 128 78
2 152 24
2 11 36
2 132 155
2 6 82
2 54 69
2 113 112
2 26 87
2 141 183
2 8 2
2 140 81
2 130 108
2 48 78
2 184 91
2 44 109
2 188 7
2 55 163
2 10 30
2 191 200
2 171 72
2 198 112
2 142 160
2 186 93
2 105 147
2 172 174
2 196 120
2 91 35
2 154 75
2 102 81
2 137 184
2 195 23
2 16 70
2 83 185
2 191 108
2 9 68
2 87 92
2 20 53
2 136 197
2 18 9
2 169 3
2 181 36
2 189 76
2 177 15
2 121 141
2 86 20
2 173 124
2 106 42
2 43 181
2 14 182
2 110 117
2 36 101
1 66
2 61 28
2 17 181
2 44 59
2 46 21
2 68 129
2 73 46
2 116 18
2 197 150
2 16 189
2 175 68
2 9 19
2 54 116
2 19 63
2 41 65
2 22 165
2 148 67
2 63 114
2 144 160
2 70 151
2 153 26
2 25 31
2 2 4
2 180 58
2 152 11
2 91 35
2 75 79
1 120
2 47 96
2 145 20
2 190 154
2 158 199
2 192 48
2 27 6
2 164 157
2 31 98
2 93 15
2 71 95
2 100 83
2 120 12
2 112 45
2 143 6
2 162 94
2 5 144
2 104 82
2 140 198
2 77 75
2 141 52
2 86 89
2 28 115
2 174 159
2 110 25
2 37 161
2 139 57
2 159 118
2 103 38
2 67 194
2 152 88
2 45 170
2 107 197
2 10
1 2
1 5
1 2
1 5
29 40
1 29
1 27
1 16
1 24
1 25
1 21
1 19
1 33
1 36
1 32
1 35
1 8
1 37
1 4
1 26
1 39
1 12
1 23
1 17
1 22
1 2
1 24
1 1
1 39
1 30
1 6
1 7
1 36
1 3
1 29
2 27 11
2 16 18
2 24 17
2 8 25
2 21 23
2 19 5
1 33
2 32 36
2 5 32
1 35
2 8 2
2 2 37
1 4
2 26 37
1 39
2 2 12
2 9 23
2 17 10
1 22
2 23 2
2 19 24
2 1 13
2 39 20
2 10 30
2 6 31
1 7
2 36 28
2 30 3
24 40
1 17
1 11
1 16
1 37
1 39
1 28
1 27
1 21
1 34
1 2
1 29
1 40
1 17
1 21
1 15
1 25
1 26
1 26
1 32
1 30
1 10
1 9
1 14
1 19
2 17 20
2 11 14
1 16
2 27 37
2 39 18
2 10 28
2 18 27
2 23 21
2 34 24
2 10 2
1 29
2 40 8
2 17 12
2 32 21
2 15 22
2 35 25
2 37 26
2 11 26
2 39 32
2 30 15
1 10
2 23 9
2 36 14
1 19
6 10
1 3
1 3
1 7
1 9
1 4
1 5
2 3 8
2 3 10
1 7
1 9
1 4
1 5
4 10
1 8
1 10
1 6
1 5
1 8
1 10
1 6
1 5
1 10
1 3
1 3
5 10
1 6
1 4
1 1
1 2
1 2
1 6
1 4
1 1
2 7 2
2 2 9
4 10
1 8
1 1
1 2
1 5
1 8
1 1
1 2
1 5
3 10
1 6
1 5
1 4
1 6
1 5
1 4
3 10
1 10
1 8
1 1
1 10
1 8
1 1
2 10
1 1
1 6
1 1
1 6
5 10
1 8
1 2
1 4
1 5
1 1
1 8
1 2
1 4
1 5
1 1
7 10
1 6
1 1
1 4
1 10
1 9
1 5
1 7
1 6
1 1
1 4
1 10
1 9
1 5
2 8 7
4 10
1 8
1 10
1 3
1 10
1 8
2 4 10
1 3
2 10 7
3 10
1 10
1 7
1 8
1 10
1 7
2 1 8
3 10
1 2
1 7
1 9
1 2
1 7
1 9
4 10
1 7
1 6
1 8
1 10
1 7
1 6
1 8
1 10
5 10
1 7
1 2
1 5
1 8
1 5
1 7
1 2
2 1 5
1 8
2 10 5
5 10
1 9
1 3
1 10
1 7
1 2
1 9
1 3
1 10
1 7
1 2
4 10
1 5
1 4
1 6
1 8
1 5
1 4
1 6
1 8
4 10
1 1
1 4
1 3
1 8
1 1
1 4
1 3
2 6 8
2 10
1 4
1 1
1 4
1 1
2 10
1 4
1 1
1 4
1 1
2 10
1 5
1 9
1 5
2 9 3
1 10
1 10
1 10
33 40
1 3
1 13
1 2
1 25
1 14
1 39
1 1
1 36
1 6
1 32
1 26
1 38
1 10
1 5
1 29
1 19
1 15
1 11
1 17
1 3
1 34
1 33
1 38
1 9
1 16
1 18
1 1
1 9
1 40
1 22
1 14
1 28
1 31
2 3 12
1 13
2 21 2
1 25
2 14 7
1 39
2 1 18
2 36 21
2 17 6
2 32 27
2 20 26
2 17 38
2 10 4
2 5 13
2 3 29
1 19
1 15
2 11 9
2 17 26
2 3 9
2 34 39
2 30 33
2 38 16
2 9 37
2 36 16
2 2 18
2 1 35
2 24 9
1 40
2 19 22
1 14
2 31 28
1 31
5 10
1 5
1 10
1 7
1 6
1 7
1 5
1 10
2 7 3
1 6
2 7 9
3 10
1 8
1 8
1 10
2 7 8
2 8 9
1 10
3 10
1 9
1 4
1 2
1 9
1 4
1 2
4 10
1 9
1 2
1 7
1 4
1 9
1 2
1 7
1 4
3 10
1 3
1 10
1 3
2 3 9
1 10
2 3 2
6 10
1 8
1 9
1 2
1 4
1 6
1 1
1 8
1 9
1 2
1 4
1 6
2 10 1
3 10
1 10
1 4
1 1
1 10
1 4
1 1
5 10
1 8
1 7
1 2
1 5
1 9
1 8
1 7
1 2
1 5
2 9 4
3 10
1 9
1 1
1 7
1 9
1 1
1 7
3 10
1 6
1 4
1 1
1 6
2 8 4
1 1
4 10
1 1
1 4
1 9
1 3
1 1
1 4
1 9
1 3
3 10
1 6
1 7
1 8
1 6
1 7
1 8
4 10
1 8
1 9
1 2
1 1
1 8
1 9
2 5 2
1 1
3 10
1 6
1 8
1 3
1 6
1 8
1 3
4 10
1 8
1 7
1 8
1 4
2 8 2
1 7
2 1 8
1 4
6 10
1 8
1 7
1 2
1 8
1 5
1 3
2 1 8
1 7
1 2
2 8 9
1 5
1 3
4 10
1 9
1 8
1 2
1 8
1 9
2 7 8
1 2
2 5 8
4 10
1 10
1 1
1 5
1 2
2 3 10
1 1
1 5
1 2
3 10
1 10
1 5
1 3
2 7 10
1 5
1 3
3 10
1 2
1 6
1 8
1 2
1 6
1 8
2 10
1 7
1 10
1 7
1 10
5 10
1 7
1 5
1 4
1 10
1 9
2 7 3
1 5
1 4
1 10
1 9
5 10
1 9
1 8
1 10
1 3
1 7
1 9
2 8 4
1 10
1 3
2 8 7
2 10
1 9
1 7
1 9
2 7 2
5 10
1 5
1 6
1 7
1 5
1 8
2 9 5
1 6
1 7
2 10 5
1 8
1 10
1 7
1 7
4 10
1 8
1 7
1 3
1 10
1 8
1 7
1 3
1 10
4 10
1 5
1 1
1 1
1 8
1 5
2 1 7
2 3 1
1 8
3 10
1 2
1 5
1 10
1 2
1 5
1 10
3 10
1 3
1 3
1 8
2 5 3
2 3 2
1 8
3 10
1 10
1 6
1 5
1 10
1 6
1 5
2 10
1 3
1 10
1 3
1 10
2 10
1 5
1 9
1 5
1 9
3 10
1 2
1 1
1 7
1 2
1 1
1 7
5 10
1 2
1 7
1 1
1 3
1 9
1 2
1 7
1 1
1 3
1 9
3 10
1 10
1 1
1 7
1 10
1 1
1 7
5 10
1 3
1 8
1 10
1 4
1 9
1 3
1 8
1 10
1 4
1 9
4 10
1 6
1 2
1 5
1 7
1 6
1 2
1 5
1 7
4 10
1 4
1 9
1 7
1 9
1 4
2 6 9
1 7
2 1 9
4 10
1 3
1 7
1 1
1 10
1 3
1 7
1 1
1 10
4 10
1 8
1 2
1 9
1 7
2 3 8
1 2
2 9 3
1 7
31 40
1 15
1 13
1 37
1 33
1 4
1 3
1 8
1 22
1 39
1 7
1 22
1 40
1 16
1 28
1 35
1 1
1 14
1 23
1 9
1 5
1 2
1 33
1 19
1 17
1 25
1 35
1 7
1 20
1 37
1 38
1 33
2 37 15
1 13
2 21 37
2 27 33
2 30 4
1 3
2 25 8
2 22 32
2 36 39
2 26 7
2 10 22
2 36 40
1 16
2 18 28
2 10 35
2 1 37
2 14 40
2 23 28
2 9 24
2 18 5
2 2 35
2 5 33
1 19
2 17 34
1 25
2 29 35
1 7
1 20
2 2 37
1 38
2 39 33
5 10
1 4
1 1
1 6
1 8
1 9
1 4
1 1
1 6
1 8
1 9
85 100
1 58
1 61
1 5
1 100
1 64
1 80
1 94
1 29
1 39
1 80
1 21
1 53
1 95
1 20
1 26
1 96
1 63
1 57
1 38
1 6
1 18
1 12
1 72
1 60
1 49
1 31
1 65
1 85
1 63
1 97
1 78
1 14
1 35
1 20
1 72
1 7
1 89
1 48
1 43
1 90
1 100
1 66
1 44
1 9
1 37
1 35
1 94
1 99
1 63
1 40
1 91
1 94
1 10
1 35
1 96
1 22
1 82
1 84
1 93
1 81
1 62
1 6
1 68
1 32
1 26
1 42
1 17
1 15
1 63
1 33
1 7
1 14
1 41
1 18
1 31
1 98
1 36
1 69
1 88
1 89
1 56
1 5
1 86
1 77
1 71
2 13 58
2 61 65
2 1 5
1 100
2 64 74
2 80 63
2 94 77
2 35 29
2 64 39
2 79 80
2 21 5
2 53 21
2 95 70
2 88 20
2 73 26
1 96
2 63 57
2 28 57
2 38 24
2 47 6
2 62 18
2 34 12
2 30 72
2 60 64
2 38 49
2 35 31
2 57 65
2 85 41
2 35 63
1 97
2 85 78
2 55 14
2 35 4
2 78 20
2 72 76
2 44 7
2 50 89
2 81 48
2 43 69
2 49 90
2 36 100
2 33 66
1 44
2 9 83
2 13 37
2 64 35
2 42 94
1 99
2 12 63
2 27 40
2 97 91
2 94 2
2 32 10
2 59 35
2 70 96
1 22
2 82 4
2 84 67
2 25 93
2 17 81
2 11 62
2 25 6
2 76 68
2 17 32
1 26
2 86 42
2 27 17
2 59 15
2 63 8
2 67 33
2 3 7
2 14 7
2 40 41
2 62 18
2 31 87
2 58 98
2 36 16
2 24 69
2 88 90
2 89 39
2 56 37
2 5 92
2 43 86
2 77 9
2 71 51
3 10
1 7
1 1
1 8
1 7
1 1
1 8
3 10
1 8
1 9
1 5
2 3 8
1 9
1 5
4 10
1 3
1 5
1 2
1 1
1 3
1 5
1 2
1 1
2 10
1 6
1 7
1 6
2 3 7
5 10
1 10
1 10
1 8
1 4
1 1
2 9 10
2 10 6
1 8
1 4
1 1
3 10
1 6
1 10
1 8
1 6
1 10
1 8
33 40
1 21
1 30
1 6
1 21
1 38
1 9
1 10
1 6
1 13
1 16
1 24
1 5
1 11
1 28
1 25
1 17
1 11
1 4
1 22
1 8
1 17
1 2
1 34
1 30
1 10
1 37
1 24
1 26
1 15
1 36
1 12
1 27
1 1
2 21 22
2 33 30
2 18 6
2 24 21
2 38 3
1 9
2 10 19
1 6
1 13
2 16 29
2 24 32
1 5
2 11 7
2 28 20
2 25 39
2 17 4
1 11
2 4 29
2 14 22
1 8
2 38 17
2 2 12
2 9 34
2 30 31
1 10
2 16 37
2 28 24
2 26 19
1 15
2 36 28
1 12
2 27 1
2 1 21
3 10
1 1
1 4
1 6
1 1
2 4 7
1 6
6 10
1 9
1 8
1 3
1 1
1 9
1 2
2 9 5
1 8
1 3
1 1
2 9 10
1 2
5 10
1 9
1 3
1 4
1 5
1 6
1 9
1 3
1 4
1 5
1 6
5 10
1 6
1 4
1 7
1 1
1 3
1 6
1 4
1 7
1 1
1 3
30 40
1 28
1 30
1 7
1 24
1 24
1 23
1 39
1 19
1 32
1 32
1 1
1 27
1 6
1 6
1 40
1 5
1 26
1 16
1 25
1 38
1 34
1 35
1 37
1 13
1 10
1 39
1 17
1 17
1 3
1 17
2 3 28
2 26 30
1 7
2 7 24
2 24 15
2 10 23
2 11 39
2 33 19
2 31 32
2 38 32
1 1
2 27 37
2 6 20
2 6 11
2 21 40
1 5
2 26 12
2 39 16
1 25
2 9 38
2 34 13
1 35
2 37 9
2 14 13
1 10
2 14 39
2 17 14
2 29 17
2 2 3
2 8 17
2 10
1 9
1 4
1 9
1 4
5 10
1 2
1 8
1 4
1 6
1 3
1 2
1 8
1 4
1 6
1 3
4 10
1 10
1 1
1 9
1 8
1 10
1 1
1 9
1 8
3 10
1 8
1 2
1 10
2 10 8
1 2
2 10 4
3 10
1 1
1 6
1 6
1 1
2 6 8
2 6 9
3 10
1 7
1 6
1 1
1 7
1 6
1 1
4 10
1 2
1 6
1 8
1 4
2 2 9
1 6
2 8 2
1 4
4 10
1 4
1 1
1 3
1 2
1 4
1 1
1 3
1 2
3 10
1 10
1 6
1 8
1 10
1 6
1 8
4 10
1 2
1 10
1 1
1 9
1 2
1 10
1 1
2 8 9
5 10
1 2
1 5
1 1
1 4
1 10
1 2
1 5
1 1
2 4 6
1 10
6 10
1 4
1 9
1 2
1 8
1 3
1 6
1 4
1 9
1 2
2 8 5
2 8 3
1 6
5 10
1 7
1 3
1 8
1 1
1 10
2 3 7
2 4 3
1 8
1 1
1 10
4 10
1 10
1 1
1 3
1 5
1 10
1 1
1 3
1 5
3 10
1 9
1 5
1 6
1 9
1 5
1 6
4 10
1 2
1 7
1 5
1 10
1 2
1 7
1 5
1 10
4 10
1 4
1 9
1 2
1 8
1 4
1 9
1 2
1 8
4 10
1 4
1 8
1 2
1 1
1 4
1 8
1 2
1 1
4 10
1 4
1 10
1 6
1 7
1 4
2 1 10
1 6
1 7
5 10
1 3
1 8
1 4
1 1
1 10
1 3
1 8
1 4
1 1
1 10
3 10
1 2
1 1
1 10
1 2
1 1
1 10
7 10
1 6
1 10
1 1
1 9
1 2
1 5
1 9
1 6
2 9 10
1 1
1 9
1 2
2 10 5
2 10 9
3 10
1 1
1 6
1 8
1 1
1 6
1 8
5 10
1 5
1 10
1 9
1 6
1 2
1 5
1 10
1 9
1 6
1 2
4 10
1 8
1 7
1 4
1 3
1 8
1 7
1 4
1 3
5 10
1 3
1 10
1 7
1 8
1 9
1 3
2 5 10
1 7
1 8
1 9
3 10
1 4
1 3
1 7
1 4
1 3
1 7
5 10
1 4
1 9
1 5
1 3
1 2
2 1 4
1 9
1 5
1 3
1 2
4 10
1 5
1 10
1 1
1 8
1 5
2 8 10
1 1
2 9 8
5 10
1 3
1 2
1 9
1 4
1 10
1 3
1 2
1 9
1 4
1 10
3 10
1 1
1 6
1 4
1 1
1 6
1 4
4 10
1 7
1 5
1 9
1 8
1 7
1 5
1 9
1 8
4 10
1 7
1 9
1 10
1 3
1 7
1 9
1 10
1 3
5 10
1 6
1 8
1 1
1 10
1 7
1 6
1 8
1 1
1 10
1 7
5 10
1 4
1 1
1 10
1 7
1 2
1 4
1 1
1 10
1 7
1 2
3 10
1 6
1 1
1 4
1 6
1 1
1 4
1 10
1 10
1 10
4 10
1 1
1 3
1 2
1 7
1 1
1 3
1 2
1 7
4 10
1 3
1 3
1 6
1 9
2 8 3
2 3 7
1 6
1 9
2 10
1 10
1 2
1 10
2 3 2
5 10
1 1
1 6
1 7
1 3
1 10
1 1
1 6
1 7
1 3
1 10
5 10
1 4
1 1
1 5
1 2
1 8
1 4
1 1
1 5
1 2
1 8
5 10
1 6
1 5
1 7
1 6
1 3
2 2 6
1 5
1 7
2 6 4
1 3
5 10
1 3
1 5
1 6
1 1
1 2
1 3
1 5
1 6
1 1
1 2
2 10
1 2
1 7
1 2
1 7
1 10
1 10
1 10
3 10
1 6
1 3
1 9
1 6
1 3
1 9
6 10
1 6
1 2
1 5
1 10
1 9
1 3
1 6
1 2
1 5
1 10
1 9
1 3
2 10
1 4
1 9
1 4
1 9
4 10
1 1
1 8
1 10
1 9
1 1
2 8 10
2 10 6
1 9
5 10
1 6
1 7
1 3
1 10
1 5
1 6
1 7
1 3
1 10
1 5
4 10
1 1
1 7
1 10
1 8
1 1
1 7
1 10
1 8
2 10
1 3
1 1
1 3
1 1
4 10
1 1
1 6
1 8
1 3
1 1
1 6
1 8
1 3
3 10
1 1
1 6
1 9
1 1
1 6
1 9
5 10
1 5
1 4
1 5
1 3
1 2
2 9 5
1 4
2 6 5
1 3
1 2
2 10
1 4
1 5
1 4
1 5
4 10
1 6
1 7
1 2
1 8
1 6
1 7
1 2
1 8
1 10
1 8
1 8
4 10
1 2
1 3
1 4
1 6
1 2
1 3
1 4
1 6
4 10
1 8
1 7
1 6
1 4
1 8
1 7
1 6
1 4
25 40
1 2
1 19
1 34
1 40
1 19
1 18
1 28
1 6
1 38
1 31
1 1
1 25
1 30
1 9
1 12
1 40
1 37
1 36
1 37
1 20
1 13
1 14
1 34
1 27
1 24
2 2 39
2 19 6
2 34 32
2 40 15
2 19 30
1 18
2 28 14
2 6 39
2 2 38
2 26 31
1 1
2 10 25
2 21 30
2 29 9
2 24 12
2 40 17
2 22 37
2 36 5
2 33 37
2 12 20
1 13
1 14
2 7 34
1 27
1 24
3 10
1 6
1 2
1 3
1 6
1 2
1 3
5 10
1 8
1 5
1 4
1 2
1 9
1 8
1 5
1 4
1 2
1 9
4 10
1 6
1 3
1 8
1 9
1 6
1 3
1 8
1 9
5 10
1 5
1 1
1 4
1 7
1 6
1 5
1 1
1 4
2 7 10
1 6
3 10
1 7
1 4
1 8
1 7
1 4
2 1 8
4 10
1 6
1 5
1 9
1 8
1 6
1 5
1 9
1 8
5 10
1 2
1 7
1 9
1 4
1 10
1 2
2 8 7
2 7 9
1 4
1 10
2 10
1 4
1 3
1 4
1 3
5 10
1 9
1 8
1 1
1 6
1 2
1 9
1 8
2 1 4
1 6
1 2
6 10
1 8
1 4
1 1
1 10
1 7
1 2
1 8
1 4
1 1
1 10
1 7
1 2
2 10
1 1
1 4
1 1
1 4
4 10
1 2
1 5
1 1
1 2
2 7 2
1 5
1 1
2 3 2
4 10
1 3
1 8
1 5
1 2
1 3
1 8
1 5
1 2
3 10
1 10
1 7
1 1
1 10
1 7
1 1
6 10
1 8
1 6
1 3
1 4
1 1
1 9
1 8
1 6
1 3
1 4
1 1
1 9
4 10
1 4
1 2
1 6
1 1
1 4
1 2
2 7 6
1 1
5 10
1 3
1 1
1 7
1 9
1 2
2 3 6
1 1
1 7
1 9
1 2
3 10
1 4
1 1
1 9
1 4
1 1
1 9
3 10
1 9
1 7
1 3
1 9
1 7
1 3
2 10
1 4
1 2
1 4
1 2
5 10
1 9
1 1
1 6
1 3
1 8
1 9
1 1
1 6
1 3
1 8
29 40
1 8
1 27
1 16
1 8
1 4
1 10
1 26
1 35
1 36
1 23
1 20
1 25
1 7
1 31
1 20
1 24
1 36
1 8
1 17
1 14
1 21
1 25
1 22
1 28
1 31
1 17
1 11
1 39
1 32
2 8 40
2 27 2
2 3 16
2 38 8
2 28 4
2 13 10
2 18 26
2 35 12
2 36 19
2 23 16
2 5 20
1 25
1 7
2 31 34
2 20 21
2 24 26
2 36 32
2 8 6
2 17 9
2 29 14
2 29 21
2 25 1
2 15 22
2 17 28
1 31
1 17
2 11 8
2 14 39
1 32
29 40
1 20
1 22
1 25
1 26
1 39
1 26
1 23
1 34
1 19
1 34
1 8
1 17
1 39
1 4
1 23
1 11
1 17
1 29
1 22
1 18
1 12
1 28
1 32
1 14
1 24
1 36
1 35
1 40
1 4
2 20 22
2 22 9
2 38 25
2 1 26
1 39
2 5 26
1 23
2 37 34
1 19
2 34 16
2 1 8
2 38 17
2 30 39
2 4 21
2 23 31
2 13 11
2 27 17
2 32 29
1 22
1 18
2 11 12
2 28 21
2 2 32
2 14 39
2 24 12
2 33 36
1 35
1 40
1 4
26 40
1 33
1 26
1 35
1 39
1 33
1 28
1 21
1 13
1 14
1 18
1 23
1 15
1 6
1 1
1 38
1 17
1 27
1 24
1 20
1 40
1 32
1 29
1 40
1 12
1 5
1 4
2 13 33
1 26
2 2 35
2 39 30
2 33 32
2 28 13
2 3 21
2 13 19
2 14 11
2 37 18
1 23
2 15 4
2 36 6
2 19 1
2 19 38
2 25 17
2 27 31
2 9 24
2 20 2
2 40 21
2 16 32
2 29 3
2 35 40
2 29 12
2 10 5
2 38 4
6 10
1 7
1 2
1 6
1 9
1 8
1 7
1 7
1 2
1 6
1 9
1 8
1 7
3 10
1 5
1 4
1 7
2 5 3
1 4
2 7 5
2 10
1 5
1 6
2 5 8
1 6
3 10
1 1
1 3
1 2
1 1
1 3
1 2
3 10
1 7
1 2
1 1
1 7
1 2
1 1
1 10
1 9
1 9
3 10
1 6
1 10
1 4
1 6
1 10
1 4
6 10
1 5
1 8
1 4
1 6
1 3
1 7
1 5
1 8
1 4
1 6
1 3
1 7
4 10
1 5
1 8
1 4
1 9
1 5
1 8
1 4
2 9 2
4 10
1 6
1 2
1 3
1 1
2 8 6
1 2
1 3
2 1 6
3 10
1 5
1 3
1 4
1 5
1 3
1 4
4 10
1 5
1 5
1 7
1 3
2 10 5
2 2 5
1 7
1 3
3 10
1 6
1 5
1 4
1 6
1 5
1 4
3 10
1 8
1 5
1 7
1 8
1 5
1 7
3 10
1 7
1 6
1 8
1 7
1 6
1 8
4 10
1 9
1 10
1 1
1 2
1 9
1 10
1 1
1 2
3 10
1 2
1 5
1 6
1 2
2 5 4
1 6
3 10
1 9
1 5
1 4
1 9
1 5
1 4
3 10
1 1
1 2
1 7
1 1
1 2
1 7
31 40
1 18
1 9
1 26
1 22
1 6
1 39
1 15
1 20
1 25
1 1
1 3
1 16
1 27
1 16
1 40
1 22
1 9
1 40
1 5
1 34
1 12
1 13
1 7
1 14
1 23
1 2
1 20
1 33
1 10
1 10
1 32
2 18 34
2 9 17
2 26 38
2 29 22
2 6 1
2 17 39
2 11 15
2 20 1
2 25 4
2 1 8
2 3 37
2 5 16
2 35 27
2 16 23
2 40 3
2 22 36
1 9
1 40
2 5 21
2 34 19
2 28 12
2 1 13
1 7
1 14
2 23 19
1 2
2 20 15
1 33
1 10
2 10 4
1 32
5 10
1 9
1 10
1 6
1 5
1 7
1 9
1 10
1 6
1 5
1 7
4 10
1 6
1 4
1 5
1 8
1 6
1 4
1 5
1 8
5 10
1 7
1 3
1 1
1 8
1 2
1 7
1 3
1 1
1 8
2 2 5
5 10
1 5
1 1
1 6
1 2
1 10
1 5
1 1
1 6
1 2
1 10
4 10
1 1
1 7
1 5
1 6
1 1
2 2 7
1 5
1 6
3 10
1 4
1 2
1 5
1 4
1 2
1 5
4 10
1 2
1 2
1 5
1 10
2 2 4
2 2 9
1 5
1 10
1 10
1 10
1 10
5 10
1 1
1 2
1 9
1 10
1 6
1 1
1 2
1 9
1 10
1 6
6 10
1 1
1 9
1 4
1 8
1 4
1 10
1 1
1 9
2 4 2
1 8
2 4 5
1 10
2 10
1 7
1 2
1 7
1 2
4 10
1 7
1 10
1 5
1 4
1 7
1 10
1 5
1 4
5 10
1 4
1 9
1 7
1 2
1 2
1 4
1 9
1 7
2 6 2
2 2 10
29 40
1 15
1 35
1 34
1 12
1 16
1 34
1 24
1 20
1 1
1 30
1 27
1 31
1 16
1 35
1 11
1 40
1 35
1 19
1 17
1 37
1 21
1 32
1 9
1 3
1 10
1 24
1 23
1 8
1 29
1 15
2 35 10
2 34 39
2 12 27
2 3 16
2 34 5
2 24 22
2 20 14
1 1
2 30 40
2 14 27
1 31
2 16 20
2 5 35
2 11 19
2 40 28
2 35 7
1 19
2 17 2
2 39 37
1 21
2 25 32
2 4 9
2 36 3
2 10 33
1 24
1 23
2 8 35
2 29 36
4 10
1 5
1 8
1 8
1 2
1 5
2 8 4
2 8 7
1 2
4 10
1 9
1 8
1 1
1 2
1 9
1 8
1 1
1 2
4 10
1 5
1 9
1 4
1 6
1 5
1 9
1 4
1 6
4 10
1 6
1 5
1 1
1 8
1 6
1 5
1 1
1 8
4 10
1 5
1 4
1 3
1 7
1 5
1 4
1 3
1 7
3 10
1 10
1 4
1 9
1 10
1 4
1 9
3 10
1 9
1 3
1 8
2 9 7
1 3
1 8
4 10
1 4
1 1
1 8
1 10
1 4
1 1
1 8
2 10 7
4 10
1 8
1 6
1 1
1 7
1 8
1 6
1 1
2 9 7
5 10
1 6
1 2
1 10
1 1
1 4
1 6
1 2
1 10
1 1
1 4
6 10
1 4
1 5
1 2
1 7
1 10
1 8
2 9 4
1 5
1 2
1 7
1 10
1 8
4 10
1 1
1 4
1 7
1 3
2 6 1
1 4
2 10 7
1 3
3 10
1 6
1 7
1 9
1 6
2 7 8
1 9
7 10
1 6
1 9
1 4
1 1
1 7
1 2
1 5
1 6
1 9
1 4
1 1
1 7
1 2
1 5
2 10
1 4
1 3
1 4
1 3
3 10
1 9
1 6
1 10
1 9
1 6
1 10
4 10
1 3
1 8
1 7
1 10
2 2 3
1 8
1 7
1 10
6 10
1 10
1 8
1 10
1 3
1 9
1 5
2 2 10
1 8
2 10 4
1 3
1 9
1 5
3 10
1 10
1 7
1 1
1 10
1 7
1 1
3 10
1 9
1 4
1 1
1 9
1 4
1 1
5 10
1 3
1 2
1 7
1 5
1 1
1 3
1 2
1 7
1 5
1 1
2 10
1 1
1 4
1 1
1 4
5 10
1 6
1 4
1 10
1 8
1 1
1 6
2 4 7
2 9 10
1 8
1 1
3 10
1 9
1 1
1 10
1 9
1 1
1 10
31 40
1 7
1 40
1 29
1 14
1 37
1 9
1 21
1 3
1 18
1 30
1 32
1 21
1 34
1 28
1 17
1 1
1 36
1 29
1 23
1 35
1 20
1 5
1 38
1 25
1 33
1 13
1 33
1 19
1 15
1 16
1 31
2 4 7
2 22 40
1 29
2 14 27
2 18 37
2 8 9
2 21 10
2 3 28
1 18
2 28 30
2 32 28
2 12 21
2 25 34
2 28 39
2 22 17
2 1 6
2 36 37
2 29 26
1 23
1 35
2 20 30
2 5 2
2 17 38
2 9 25
2 40 33
2 28 13
2 33 19
2 8 19
2 15 6
1 16
1 31
4 10
1 1
1 5
1 8
1 7
1 1
1 5
1 8
1 7
4 10
1 4
1 2
1 3
1 9
1 4
1 2
2 5 3
1 9
4 10
1 9
1 6
1 5
1 4
1 9
2 7 6
1 5
1 4
2 10
1 3
1 6
1 3
1 6
3 10
1 10
1 7
1 7
1 10
2 3 7
2 7 9
2 10
1 6
1 1
1 6
1 1
3 10
1 7
1 9
1 5
1 7
1 9
1 5
4 10
1 1
1 4
1 8
1 5
1 1
2 4 9
1 8
1 5
2 10
1 6
1 3
1 6
1 3
3 10
1 4
1 7
1 10
1 4
1 7
1 10
88 100
1 34
1 79
1 32
1 42
1 47
1 70
1 22
1 85
1 15
1 100
1 41
1 52
1 17
1 67
1 93
1 72
1 28
1 10
1 76
1 63
1 90
1 74
1 19
1 61
1 51
1 36
1 83
1 26
1 39
1 73
1 11
1 28
1 62
1 7
1 79
1 1
1 2
1 98
1 87
1 75
1 16
1 29
1 91
1 12
1 33
1 58
1 61
1 70
1 9
1 31
1 50
1 30
1 98
1 5
1 40
1 11
1 43
1 43
1 99
1 55
1 88
1 68
1 78
1 43
1 66
1 21
1 8
1 14
1 62
1 61
1 49
1 26
1 47
1 45
1 60
1 62
1 56
1 64
1 65
1 52
1 37
1 59
1 69
1 72
1 82
1 3
1 92
1 44
2 34 85
2 74 79
2 66 32
2 24 42
2 47 4
2 36 70
2 22 1
2 81 85
2 15 67
2 91 100
2 77 41
2 52 86
2 87 17
2 41 67
1 93
2 72 35
2 53 28
2 73 10
2 92 76
2 63 60
2 90 63
2 90 74
2 12 19
2 85 61
2 2 51
2 36 13
2 71 83
1 26
1 39
1 73
2 20 11
2 14 28
2 62 38
2 42 7
2 79 19
2 6 1
2 2 27
2 18 98
2 27 87
2 17 75
2 94 16
2 29 7
2 73 91
2 12 51
2 90 33
2 76 58
2 55 61
2 70 52
2 40 9
2 31 14
2 50 67
2 30 25
2 47 98
2 5 95
2 32 40
1 11
2 48 43
2 21 43
2 99 55
2 84 55
2 16 88
2 81 68
2 78 49
2 65 43
2 64 66
2 30 21
2 23 8
1 14
2 95 62
2 72 61
2 49 6
2 26 83
2 98 47
2 45 35
2 24 60
2 57 62
2 56 89
2 96 64
2 29 65
2 61 52
2 37 98
2 59 75
2 69 8
2 80 72
2 82 75
2 3 57
2 69 92
2 50 44
3 10
1 6
1 1
1 2
1 6
1 1
1 2
3 10
1 7
1 6
1 3
1 7
2 9 6
1 3
5 10
1 5
1 9
1 3
1 6
1 2
1 5
1 9
1 3
1 6
1 2
30 40
1 17
1 22
1 14
1 20
1 10
1 8
1 39
1 26
1 7
1 25
1 17
1 5
1 23
1 34
1 13
1 36
1 18
1 1
1 40
1 19
1 4
1 16
1 19
1 6
1 34
1 40
1 20
1 31
1 33
1 12
2 17 27
2 6 22
2 29 14
2 20 30
2 10 4
2 8 21
2 38 39
2 35 26
2 26 7
1 25
1 17
1 5
1 23
2 32 34
1 13
2 36 9
1 18
2 8 1
2 40 33
2 3 19
1 4
2 17 16
2 28 19
2 6 37
2 34 11
2 12 40
2 2 20
2 31 24
2 33 35
2 15 12
3 10
1 2
1 5
1 10
1 2
1 5
1 10
5 10
1 10
1 9
1 5
1 7
1 8
1 10
1 9
1 5
1 7
1 8
5 10
1 2
1 4
1 3
1 1
1 6
1 2
1 4
1 3
1 1
1 6
3 10
1 1
1 9
1 4
2 1 4
1 9
2 6 4
3 10
1 10
1 9
1 7
1 10
1 9
1 7
4 10
1 1
1 4
1 3
1 9
1 1
1 4
1 3
1 9
3 10
1 7
1 3
1 2
1 7
1 3
1 2
6 10
1 2
1 4
1 1
1 7
1 6
1 9
1 2
1 4
1 1
1 7
1 6
1 9
29 40
1 9
1 17
1 34
1 39
1 24
1 1
1 26
1 27
1 36
1 6
1 35
1 2
1 27
1 5
1 11
1 10
1 15
1 19
1 33
1 28
1 8
1 15
1 22
1 12
1 31
1 16
1 4
1 10
1 37
2 1 9
2 23 17
2 34 32
1 39
2 24 7
2 1 38
2 26 16
2 27 28
2 38 36
2 6 38
1 35
1 2
2 27 36
2 5 26
2 11 14
2 30 10
2 15 40
2 3 19
2 33 24
2 7 28
1 8
2 26 15
2 22 19
2 11 12
2 2 31
2 16 13
2 35 4
2 18 10
2 37 15
4 10
1 7
1 8
1 5
1 6
1 7
1 8
1 5
1 6
5 10
1 1
1 5
1 2
1 3
1 9
1 1
1 5
1 2
1 3
1 9
4 10
1 4
1 3
1 10
1 1
2 4 2
1 3
1 10
1 1
31 40
1 27
1 15
1 4
1 26
1 34
1 10
1 30
1 15
1 12
1 7
1 30
1 3
1 17
1 23
1 38
1 29
1 13
1 5
1 11
1 35
1 8
1 5
1 16
1 24
1 35
1 22
1 40
1 2
1 6
1 4
1 9
2 27 25
2 15 39
2 14 4
2 34 26
2 31 34
1 10
2 30 29
1 15
2 12 16
2 7 33
2 30 2
2 3 18
2 17 34
1 23
2 18 38
2 7 29
2 13 37
2 12 5
2 11 17
1 35
2 8 7
2 5 28
2 16 33
2 24 26
2 35 21
2 10 22
1 40
2 2 3
2 6 20
1 4
2 9 36
3 10
1 2
1 8
1 10
1 2
1 8
1 10
2 10
1 5
1 10
1 5
1 10
87 100
1 5
1 42
1 22
1 41
1 59
1 70
1 87
1 51
1 71
1 96
1 8
1 76
1 7
1 97
1 65
1 95
1 83
1 12
1 19
1 78
1 70
1 72
1 64
1 21
1 54
1 72
1 91
1 23
1 14
1 81
1 96
1 94
1 10
1 37
1 67
1 4
1 75
1 63
1 41
1 9
1 3
1 26
1 61
1 88
1 20
1 99
1 84
1 36
1 48
1 88
1 27
1 33
1 94
1 40
1 89
1 79
1 24
1 93
1 52
1 85
1 98
1 68
1 52
1 31
1 28
1 65
1 100
1 39
1 87
1 42
1 11
1 1
1 15
1 60
1 50
1 1
1 25
1 73
1 58
1 13
1 29
1 69
1 16
1 3
1 30
1 46
1 96
2 2 5
2 42 21
2 17 22
2 41 90
2 70 59
2 24 70
2 83 87
2 51 88
2 71 7
2 96 74
2 8 62
2 17 76
2 7 47
2 97 90
2 57 65
2 100 95
2 31 83
2 27 12
2 19 53
2 46 78
2 70 6
2 72 77
2 95 64
2 68 21
2 54 66
2 51 72
2 91 52
2 50 23
2 14 30
2 98 81
2 96 60
2 79 94
2 10 39
2 82 37
2 67 95
2 4 21
2 55 75
2 63 46
2 86 41
2 9 64
2 3 38
2 26 46
2 61 36
1 88
2 25 20
2 99 67
2 59 84
2 29 36
2 14 48
2 80 88
2 55 27
2 52 33
2 73 94
2 99 40
1 89
2 79 10
2 56 24
2 93 75
2 33 52
2 85 18
2 98 54
2 37 68
2 35 52
2 40 31
2 28 18
2 65 32
2 92 100
2 9 39
2 87 49
2 42 23
2 96 11
2 1 24
2 15 61
1 60
2 81 50
2 47 1
1 25
2 73 15
2 58 24
2 13 45
2 29 66
1 69
2 51 16
2 3 70
2 30 76
2 78 46
2 96 44
4 10
1 4
1 9
1 8
1 10
1 4
1 9
1 8
1 10
4 10
1 1
1 6
1 9
1 8
1 1
1 6
1 9
2 4 8
5 10
1 5
1 6
1 3
1 7
1 1
1 5
1 6
1 3
2 8 7
2 8 1
5 10
1 8
1 5
1 9
1 10
1 9
1 8
1 5
2 9 2
1 10
2 9 1
6 10
1 8
1 6
1 4
1 5
1 2
1 10
1 8
1 6
1 4
2 5 7
1 2
1 10
5 10
1 1
1 4
1 4
1 9
1 8
1 1
2 6 4
2 5 4
2 9 2
1 8
5 10
1 2
1 5
1 10
1 3
1 1
1 2
1 5
1 10
1 3
1 1
29 40
1 28
1 15
1 16
1 25
1 4
1 39
1 31
1 30
1 11
1 17
1 2
1 33
1 34
1 28
1 8
1 26
1 23
1 5
1 9
1 32
1 39
1 20
1 24
1 14
1 3
1 27
1 21
1 19
1 1
2 28 26
2 6 15
2 18 16
2 25 31
2 33 4
2 39 36
2 31 40
2 12 30
2 11 22
2 17 23
1 2
2 21 33
1 34
2 28 17
2 29 8
2 20 26
2 12 23
1 5
2 13 9
2 21 32
2 19 39
2 20 3
1 24
1 14
2 3 7
2 35 27
2 21 40
2 19 30
2 2 1
4 10
1 2
1 7
1 10
1 6
1 2
2 7 4
1 10
2 6 4
3 10
1 6
1 4
1 10
1 6
1 4
1 10
5 10
1 6
1 4
1 9
1 5
1 8
1 6
2 4 1
1 9
1 5
1 8
5 10
1 2
1 10
1 9
1 1
1 7
1 2
1 10
1 9
1 1
1 7
4 10
1 9
1 4
1 1
1 7
2 9 4
2 4 10
1 1
1 7
5 10
1 1
1 6
1 5
1 9
1 3
2 2 1
1 6
1 5
1 9
1 3
2 10
1 10
1 2
1 10
2 9 2
1 10
1 1
1 1
2 10
1 2
1 1
1 2
1 1
29 40
1 1
1 21
1 29
1 35
1 37
1 25
1 8
1 39
1 13
1 12
1 14
1 7
1 26
1 13
1 11
1 31
1 24
1 16
1 37
1 38
1 14
1 23
1 28
1 5
1 30
1 21
1 4
1 29
1 32
2 20 1
2 21 27
1 29
2 35 15
2 1 37
2 25 3
2 3 8
2 2 39
2 13 24
2 12 34
2 17 14
2 40 7
2 6 26
2 13 36
1 11
2 21 31
2 24 3
1 16
2 22 37
2 38 11
2 19 14
2 8 23
2 28 11
2 5 2
2 30 10
2 21 27
2 32 4
2 9 29
2 20 32
3 10
1 9
1 5
1 2
1 9
1 5
1 2
3 10
1 7
1 2
1 3
1 7
1 2
1 3
5 10
1 5
1 9
1 10
1 4
1 5
2 3 5
1 9
1 10
1 4
2 5 1
4 10
1 1
1 8
1 10
1 9
1 1
1 8
1 10
1 9
5 10
1 10
1 2
1 6
1 8
1 4
1 10
2 5 2
1 6
1 8
2 2 4
4 10
1 2
1 9
1 6
1 4
2 2 3
1 9
1 6
2 4 3
7 10
1 8
1 2
1 6
1 9
1 5
1 1
1 5
1 8
1 2
1 6
1 9
2 5 4
1 1
2 3 5
3 10
1 2
1 4
1 6
1 2
1 4
1 6
3 10
1 10
1 5
1 1
1 10
2 3 5
1 1
4 10
1 5
1 4
1 6
1 8
1 5
1 4
1 6
1 8
4 10
1 1
1 9
1 1
1 6
2 7 1
1 9
2 1 10
1 6
3 10
1 9
1 9
1 5
2 9 1
2 6 9
1 5
5 10
1 1
1 6
1 2
1 5
1 7
1 1
1 6
1 2
1 5
1 7
6 10
1 7
1 5
1 8
1 2
1 1
1 3
2 10 7
2 4 5
1 8
1 2
1 1
1 3
5 10
1 7
1 8
1 1
1 9
1 4
1 7
1 8
1 1
1 9
1 4
3 10
1 7
1 2
1 9
1 7
1 2
1 9
5 10
1 8
1 9
1 5
1 5
1 10
1 8
1 9
2 2 5
2 5 1
1 10
4 10
1 1
1 1
1 2
1 8
2 4 1
2 9 1
1 2
1 8
4 10
1 5
1 8
1 1
1 2
1 5
1 8
1 1
1 2
4 10
1 2
1 9
1 3
1 6
1 2
1 9
2 5 3
2 5 6
4 10
1 1
1 5
1 9
1 7
1 1
1 5
1 9
1 7
3 10
1 7
1 6
1 5
1 7
1 6
1 5
3 10
1 7
1 5
1 3
1 7
1 5
1 3
3 10
1 3
1 6
1 9
1 3
1 6
1 9
4 10
1 4
1 6
1 2
1 8
1 4
1 6
1 2
1 8
5 10
1 6
1 7
1 5
1 1
1 6
2 6 8
1 7
1 5
1 1
2 9 6
2 10
1 5
1 1
1 5
1 1
1 10
1 5
1 5
5 10
1 9
1 2
1 8
1 1
1 5
1 9
1 2
1 8
1 1
1 5
3 10
1 10
1 3
1 8
1 10
1 3
1 8
29 40
1 13
1 3
1 9
1 24
1 2
1 31
1 34
1 21
1 1
1 11
1 35
1 28
1 19
1 6
1 36
1 17
1 18
1 5
1 40
1 1
1 16
1 17
1 40
1 27
1 20
1 20
1 12
1 14
1 13
2 13 24
1 3
2 39 9
2 16 24
2 25 2
2 19 31
2 4 34
2 29 21
1 1
2 12 11
2 35 30
2 27 28
2 34 19
2 6 26
1 36
2 32 17
2 8 18
2 5 21
2 40 19
2 6 1
2 4 16
2 37 17
2 40 38
2 7 27
1 20
2 20 33
2 12 15
2 14 39
2 13 5
2 10
1 2
1 3
2 7 2
1 3
4 10
1 10
1 6
1 3
1 9
1 10
1 6
1 3
1 9
5 10
1 4
1 6
1 9
1 7
1 7
1 4
2 6 1
1 9
2 7 8
2 7 10
1 10
1 2
1 2
5 10
1 1
1 5
1 9
1 5
1 2
1 1
2 5 3
1 9
2 5 4
1 2
3 10
1 6
1 10
1 3
1 6
1 10
1 3
5 10
1 10
1 10
1 2
1 7
1 5
2 9 10
2 1 10
1 2
1 7
1 5
3 10
1 4
1 4
1 2
2 4 10
2 1 4
1 2
4 10
1 4
1 7
1 2
1 9
1 4
1 7
1 2
1 9
3 10
1 10
1 2
1 5
1 10
1 2
1 5
5 10
1 9
1 4
1 1
1 2
1 6
1 9
1 4
1 1
1 2
1 6
5 10
1 5
1 6
1 8
1 10
1 4
1 5
1 6
1 8
1 10
1 4
4 10
1 7
1 3
1 7
1 6
2 7 8
1 3
2 1 7
1 6
2 10
1 10
1 2
1 10
1 2
3 10
1 1
1 2
1 10
1 1
1 2
1 10
6 10
1 1
1 7
1 3
1 3
1 2
1 4
1 1
1 7
2 3 10
2 5 3
2 8 2
1 4
4 10
1 10
1 6
1 9
1 7
2 2 10
1 6
1 9
1 7
5 10
1 4
1 7
1 2
1 9
1 10
1 4
1 7
1 2
1 9
2 1 10
3 10
1 1
1 9
1 2
1 1
1 9
1 2
2 10
1 5
1 2
1 5
1 2
4 10
1 9
1 4
1 8
1 8
1 9
1 4
2 2 8
2 3 8
5 10
1 4
1 7
1 6
1 8
1 1
1 4
1 7
1 6
1 8
1 1
27 40
1 37
1 33
1 28
1 12
1 24
1 21
1 25
1 1
1 36
1 7
1 18
1 22
1 18
1 1
1 30
1 15
1 38
1 31
1 19
1 27
1 34
1 1
1 2
1 19
1 37
1 13
1 10
2 37 26
2 33 20
2 28 25
1 12
2 6 24
2 22 21
2 7 25
2 23 1
2 14 36
2 7 16
2 17 18
2 7 22
2 34 18
2 1 11
2 24 30
1 15
1 38
2 31 8
2 19 30
2 27 6
1 34
1 1
1 2
2 28 19
2 21 37
2 13 10
1 10
6 10
1 2
1 4
1 10
1 1
1 10
1 5
1 2
1 4
2 10 7
1 1
2 10 9
1 5
6 10
1 4
1 7
1 6
1 8
1 5
1 1
1 4
1 7
2 5 6
1 8
2 5 2
1 1
4 10
1 9
1 1
1 8
1 4
1 9
1 1
1 8
1 4
2 10
1 5
1 2
1 5
1 2
3 10
1 9
1 2
1 8
1 9
1 2
1 8
2 10
1 9
1 7
1 9
1 7
2 10
1 8
1 7
1 8
1 7
3 10
1 10
1 4
1 9
1 10
1 4
1 9
5 10
1 7
1 4
1 10
1 6
1 7
2 7 1
1 4
1 10
1 6
2 7 3
5 10
1 5
1 6
1 1
1 8
1 6
1 5
2 6 10
1 1
1 8
2 6 9
4 10
1 7
1 10
1 9
1 3
1 7
1 10
1 9
1 3
2 10
1 8
1 2
2 8 3
1 2
3 10
1 8
1 5
1 10
1 8
1 5
1 10
2 10
1 2
1 10
1 2
1 10
3 10
1 5
1 6
1 1
1 5
2 6 1
2 1 8
3 10
1 2
1 10
1 8
1 2
2 1 10
1 8
30 40
1 3
1 4
1 7
1 8
1 38
1 34
1 24
1 39
1 21
1 13
1 10
1 35
1 7
1 27
1 38
1 37
1 20
1 15
1 3
1 11
1 32
1 18
1 1
1 36
1 33
1 27
1 25
1 27
1 9
1 22
2 3 17
2 19 4
2 6 7
2 8 16
2 38 25
2 34 37
2 24 14
2 40 39
1 21
2 18 13
1 10
2 35 16
1 7
2 27 28
2 1 38
2 29 37
2 20 24
2 39 15
2 3 30
2 11 31
2 2 32
1 18
2 14 1
2 12 36
1 33
1 27
2 31 25
2 26 27
1 9
2 22 21
3 10
1 4
1 2
1 9
1 4
1 2
1 9
4 10
1 6
1 1
1 4
1 8
1 6
1 1
1 4
1 8
3 10
1 10
1 6
1 8
1 10
1 6
1 8
4 10
1 4
1 6
1 3
1 10
1 4
1 6
1 3
1 10
30 40
1 29
1 7
1 19
1 26
1 39
1 5
1 5
1 19
1 11
1 24
1 4
1 30
1 8
1 33
1 31
1 17
1 2
1 26
1 23
1 16
1 37
1 39
1 24
1 35
1 3
1 31
1 8
1 15
1 38
1 34
2 15 29
2 17 7
2 19 18
2 26 36
2 39 30
2 34 5
1 5
2 32 19
2 38 11
2 2 24
2 4 16
2 30 6
2 37 8
1 33
2 31 8
2 14 17
2 27 2
1 26
1 23
2 16 1
2 14 37
2 39 7
2 24 22
2 20 35
1 3
2 28 31
2 21 8
2 33 15
1 38
2 34 25
3 10
1 8
1 7
1 4
1 8
2 5 7
1 4
4 10
1 4
1 3
1 8
1 1
1 4
1 3
1 8
1 1
1 10
1 7
1 7
4 10
1 4
1 1
1 9
1 5
1 4
1 1
1 9
2 10 5
3 10
1 4
1 7
1 3
1 4
1 7
1 3
5 10
1 9
1 8
1 10
1 7
1 1
1 9
1 8
1 10
1 7
1 1
5 10
1 4
1 1
1 10
1 5
1 5
1 4
1 1
1 10
2 8 5
2 9 5
87 100
1 68
1 64
1 9
1 50
1 94
1 84
1 33
1 23
1 42
1 40
1 21
1 45
1 93
1 79
1 95
1 75
1 48
1 79
1 72
1 52
1 83
1 88
1 35
1 76
1 31
1 22
1 92
1 95
1 99
1 66
1 23
1 66
1 5
1 79
1 78
1 80
1 42
1 86
1 98
1 28
1 49
1 58
1 39
1 81
1 10
1 87
1 20
1 96
1 3
1 12
1 80
1 57
1 98
1 61
1 19
1 32
1 56
1 1
1 71
1 75
1 77
1 23
1 18
1 8
1 10
1 86
1 93
1 47
1 52
1 15
1 36
1 49
1 57
1 16
1 95
1 41
1 60
1 29
1 69
1 41
1 51
1 31
1 95
1 73
1 63
1 2
1 59
2 19 68
2 64 79
2 61 9
2 13 50
2 66 94
2 84 37
2 7 33
2 23 50
2 93 42
2 88 40
2 21 8
2 99 45
2 93 100
2 79 58
2 95 11
1 75
2 90 48
2 79 69
2 25 72
2 59 52
2 83 48
2 88 7
2 40 35
2 95 76
2 31 82
2 22 46
2 87 92
1 95
2 27 99
2 66 44
1 23
2 66 27
2 5 53
2 14 79
2 78 79
2 80 65
1 42
2 86 67
2 72 98
2 28 25
2 49 68
2 58 70
2 39 18
2 81 26
2 10 24
2 87 33
2 5 20
2 37 96
2 3 29
2 57 12
2 15 80
2 34 57
2 98 38
2 90 61
2 19 83
2 9 32
2 16 56
2 83 1
2 55 71
2 75 43
2 77 32
2 23 96
2 6 18
2 91 8
2 55 10
2 86 80
2 46 93
2 47 97
2 77 52
2 30 15
2 28 36
2 49 21
2 12 57
2 39 16
2 95 17
2 74 41
2 73 60
2 29 53
2 69 86
1 41
2 22 51
2 31 62
2 4 95
2 73 80
2 15 63
2 2 40
2 2 59
5 10
1 10
1 8
1 3
1 2
1 9
1 10
1 8
1 3
1 2
1 9
4 10
1 2
1 9
1 8
1 4
1 2
1 9
1 8
1 4
5 10
1 7
1 10
1 7
1 9
1 8
2 5 7
1 10
2 7 4
1 9
2 2 8
1 10
1 6
1 6
5 10
1 5
1 8
1 6
1 10
1 2
1 5
1 8
1 6
1 10
1 2
4 10
1 5
1 9
1 6
1 2
1 5
1 9
1 6
1 2
6 10
1 3
1 8
1 10
1 9
1 9
1 1
1 3
1 8
1 10
2 2 9
2 4 9
1 1
3 10
1 5
1 1
1 3
1 5
1 1
2 9 3
3 10
1 6
1 1
1 9
1 6
1 1
1 9
2 10
1 6
1 10
1 6
2 10 7
5 10
1 10
1 8
1 3
1 2
1 9
1 10
2 6 8
1 3
1 2
1 9
5 10
1 8
1 5
1 3
1 5
1 6
1 8
2 1 5
1 3
2 4 5
1 6
5 10
1 6
1 9
1 5
1 3
1 10
1 6
1 9
1 5
1 3
1 10
3 10
1 7
1 5
1 1
1 7
1 5
2 1 3
3 10
1 7
1 4
1 2
1 7
1 4
1 2
4 10
1 9
1 1
1 1
1 2
1 9
2 1 8
2 1 10
1 2
4 10
1 4
1 6
1 2
1 1
1 4
1 6
1 2
1 1
1 10
1 1
1 1
29 40
1 22
1 4
1 21
1 8
1 24
1 39
1 21
1 7
1 12
1 18
1 12
1 15
1 14
1 15
1 10
1 14
1 31
1 36
1 9
1 19
1 11
1 6
1 36
1 22
1 30
1 21
1 28
1 40
1 32
2 3 22
2 17 4
2 9 21
2 18 8
1 24
2 5 39
2 21 29
2 7 33
2 12 40
2 1 18
2 12 8
2 15 2
2 14 37
2 27 15
2 10 5
2 14 35
2 38 31
2 36 26
2 28 9
1 19
2 11 39
2 6 19
2 34 36
2 22 20
2 31 30
2 21 13
2 1 28
2 40 23
2 32 7
3 10
1 6
1 1
1 8
1 6
1 1
2 5 8
2 10
1 2
1 4
1 2
1 4
3 10
1 2
1 8
1 8
1 2
2 9 8
2 7 8
4 10
1 3
1 4
1 6
1 5
1 3
1 4
1 6
1 5
2 10
1 6
1 5
1 6
1 5
4 10
1 9
1 1
1 10
1 8
1 9
1 1
1 10
1 8
2 10
1 10
1 8
1 10
1 8
5 10
1 6
1 7
1 7
1 10
1 5
1 6
2 9 7
2 4 7
1 10
1 5
31 40
1 39
1 7
1 31
1 12
1 1
1 24
1 6
1 36
1 10
1 40
1 27
1 38
1 22
1 4
1 19
1 31
1 33
1 11
1 19
1 15
1 37
1 8
1 32
1 25
1 30
1 25
1 22
1 1
1 35
1 14
1 34
2 39 30
2 13 7
2 2 31
1 12
2 1 11
1 24
1 6
1 36
2 10 17
1 40
1 27
2 40 38
2 22 29
2 4 36
2 28 19
2 19 31
1 33
2 11 26
2 35 19
2 15 12
2 37 29
2 13 8
2 32 20
2 25 35
2 30 26
2 16 25
2 22 9
2 1 37
2 18 35
2 2 14
2 21 34
3 10
1 10
1 8
1 2
2 3 10
1 8
1 2
2 10
1 10
1 7
1 10
1 7
3 10
1 1
1 9
1 7
2 1 2
1 9
1 7
5 10
1 3
1 6
1 2
1 10
1 9
1 3
1 6
1 2
1 10
1 9
4 10
1 7
1 1
1 1
1 9
1 7
2 1 5
2 8 1
1 9
3 10
1 8
1 9
1 10
1 8
1 9
1 10
3 10
1 6
1 4
1 8
1 6
1 4
1 8
5 10
1 3
1 5
1 2
1 8
1 9
1 3
1 5
1 2
1 8
1 9
2 10
1 2
1 9
1 2
1 9
4 10
1 3
1 1
1 9
1 5
1 3
1 1
1 9
1 5
4 10
1 4
1 5
1 10
1 6
1 4
1 5
1 10
1 6
3 10
1 10
1 8
1 8
1 10
2 5 8
2 2 8
2 10
1 10
1 1
1 10
2 1 3
4 10
1 2
1 3
1 9
1 1
1 2
1 3
1 9
1 1
1 10
1 3
1 3
3 10
1 1
1 5
1 4
1 1
1 5
1 4
3 10
1 1
1 9
1 6
1 1
2 10 9
1 6
2 10
1 6
1 1
1 6
1 1
4 10
1 3
1 4
1 1
1 10
1 3
1 4
2 1 7
2 7 10
2 10
1 3
1 9
1 3
1 9
3 10
1 8
1 3
1 6
1 8
1 3
1 6
1 10
1 6
1 6
2 10
1 5
1 4
1 5
1 4
2 10
1 5
1 10
1 5
1 10
4 10
1 9
1 4
1 8
1 6
1 9
1 4
1 8
1 6
2 10
1 6
1 3
1 6
1 3
3 10
1 10
1 8
1 6
2 4 10
1 8
1 6
29 40
1 28
1 15
1 39
1 14
1 8
1 40
1 2
1 40
1 6
1 27
1 29
1 26
1 9
1 24
1 37
1 5
1 4
1 28
1 31
1 32
1 18
1 21
1 1
1 2
1 36
1 38
1 4
1 23
1 19
2 14 28
2 17 15
2 39 10
2 28 14
2 32 8
2 33 40
2 2 16
2 34 40
2 35 6
2 30 27
2 29 27
2 11 26
1 9
2 24 3
1 37
2 5 30
2 5 4
2 22 28
2 31 13
2 32 39
2 7 18
2 21 32
2 1 10
2 2 9
1 36
1 38
2 12 4
1 23
2 26 19
7 10
1 2
1 10
1 9
1 6
1 4
1 1
1 5
1 2
2 10 1
1 9
1 6
1 4
2 8 1
1 5
1 10
1 1
1 1
6 10
1 9
1 5
1 5
1 3
1 10
1 1
1 9
2 5 4
2 8 5
1 3
1 10
1 1
2 10
1 10
1 2
1 10
1 2
5 10
1 6
1 8
1 5
1 2
1 1
1 6
1 8
1 5
1 2
1 1
4 10
1 5
1 6
1 9
1 1
2 5 10
1 6
1 9
1 1
3 10
1 3
1 7
1 1
1 3
1 7
1 1
186 200
1 115
1 45
1 61
1 173
1 192
1 119
1 72
1 183
1 96
1 172
1 12
1 15
1 44
1 166
1 95
1 169
1 168
1 32
1 41
1 183
1 73
1 37
1 111
1 177
1 87
1 22
1 120
1 186
1 70
1 144
1 180
1 34
1 177
1 29
1 161
1 106
1 40
1 50
1 182
1 173
1 85
1 140
1 48
1 42
1 21
1 105
1 86
1 5
1 187
1 47
1 174
1 133
1 98
1 66
1 23
1 19
1 92
1 74
1 200
1 38
1 38
1 125
1 97
1 126
1 63
1 194
1 64
1 16
1 155
1 135
1 6
1 150
1 87
1 86
1 69
1 132
1 61
1 153
1 85
1 114
1 145
1 8
1 194
1 190
1 175
1 43
1 78
1 58
1 19
1 38
1 122
1 116
1 24
1 78
1 114
1 21
1 131
1 146
1 50
1 159
1 163
1 147
1 157
1 137
1 164
1 148
1 11
1 139
1 179
1 47
1 131
1 134
1 13
1 79
1 140
1 50
1 141
1 2
1 36
1 128
1 59
1 104
1 20
1 112
1 7
1 60
1 49
1 39
1 14
1 3
1 173
1 94
1 55
1 136
1 189
1 46
1 164
1 167
1 108
1 82
1 152
1 184
1 10
1 196
1 183
1 100
1 32
1 27
1 10
1 113
1 87
1 97
1 176
1 67
1 54
1 172
1 9
1 117
1 101
1 57
1 184
1 148
1 56
1 197
1 98
1 123
1 57
1 93
1 4
1 153
1 97
1 63
1 53
1 186
1 137
1 178
1 90
1 138
1 33
1 26
1 13
1 143
1 158
1 31
1 112
1 160
2 115 68
2 116 45
1 61
2 173 17
2 61 192
2 119 38
2 143 72
2 2 183
2 171 96
2 172 118
2 12 1
2 15 134
2 91 44
2 166 40
2 95 158
2 169 5
2 196 168
2 32 18
2 4 41
2 183 180
2 152 73
2 37 187
2 111 80
2 99 177
2 87 187
2 114 22
1 120
2 186 93
2 70 16
2 144 18
2 124 180
2 34 47
2 131 177
2 156 29
2 129 161
2 117 106
2 40 36
2 52 50
2 41 182
2 103 173
2 85 151
2 140 47
2 48 64
2 42 132
2 142 21
2 105 75
2 86 44
2 5 26
2 187 117
2 46 47
2 174 149
2 45 133
2 98 160
2 179 66
2 23 7
2 19 163
2 92 133
2 169 74
2 91 200
2 38 195
2 38 121
2 125 161
2 178 97
2 149 126
2 174 63
2 194 157
2 129 64
2 166 16
2 155 82
2 50 135
2 197 6
2 113 150
2 102 87
2 25 86
2 69 141
2 132 71
2 130 61
2 153 87
1 85
2 114 22
2 188 145
2 8 80
2 194 76
2 104 190
2 175 20
2 29 43
2 32 78
2 58 97
2 193 19
2 18 38
2 57 122
2 116 73
2 1 24
2 68 78
2 154 114
2 148 21
1 131
2 146 88
2 107 50
2 135 159
2 24 163
2 147 19
2 157 69
2 137 110
2 198 164
2 164 148
2 156 11
2 89 139
2 179 74
2 47 28
2 88 131
2 134 35
2 162 13
2 147 79
2 140 109
2 50 70
2 14 141
2 2 38
2 36 168
2 128 25
2 59 91
2 33 104
2 83 20
2 112 62
2 7 77
2 185 60
2 49 51
2 89 39
2 14 137
2 57 3
2 173 38
2 94 150
2 55 154
2 136 92
2 189 199
2 46 21
2 185 164
2 44 167
2 108 162
2 82 66
2 152 112
2 165 184
2 65 10
2 71 196
2 183 80
2 9 100
2 32 188
2 87 27
2 10 144
2 79 113
2 87 29
2 81 97
2 181 176
2 67 94
2 54 81
2 172 173
2 9 48
2 38 117
2 124 101
2 57 84
2 130 184
2 21 148
2 42 56
2 197 88
2 98 155
2 123 139
2 170 57
2 93 159
2 96 4
2 153 191
1 97
2 39 63
2 49 53
2 186 67
2 125 137
2 178 75
2 47 90
2 190 138
2 33 182
2 26 56
2 22 13
2 35 143
2 194 158
2 175 31
2 112 100
2 95 160
3 10
1 10
1 8
1 5
1 10
1 8
1 5
3 10
1 6
1 10
1 7
1 6
1 10
1 7
4 10
1 8
1 6
1 5
1 10
1 8
1 6
1 5
1 10
28 40
1 3
1 24
1 11
1 6
1 16
1 37
1 12
1 20
1 8
1 27
1 18
1 39
1 34
1 18
1 28
1 26
1 9
1 35
1 1
1 10
1 8
1 24
1 15
1 39
1 29
1 12
1 7
1 23
1 3
2 24 30
2 11 32
2 20 6
2 17 16
1 37
2 40 12
2 19 20
2 2 8
2 27 35
2 18 16
2 28 39
2 34 31
2 18 23
2 21 28
2 26 22
2 5 9
2 5 35
2 13 1
2 3 10
2 8 16
2 24 36
2 15 40
1 39
1 29
1 12
2 7 9
2 14 23
3 10
1 4
1 5
1 8
1 4
1 5
2 8 6
4 10
1 1
1 5
1 6
1 9
1 1
1 5
1 6
1 9
3 10
1 6
1 10
1 5
1 6
1 10
1 5
1 10
1 1
1 1
4 10
1 10
1 3
1 5
1 1
1 10
1 3
1 5
1 1
4 10
1 8
1 2
1 9
1 4
1 8
1 2
1 9
1 4
4 10
1 6
1 8
1 1
1 7
1 6
1 8
1 1
1 7
5 10
1 1
1 10
1 2
1 9
1 5
1 1
1 10
1 2
1 9
1 5
5 10
1 2
1 4
1 3
1 9
1 5
1 2
1 4
1 3
1 9
1 5
4 10
1 2
1 9
1 6
1 9
1 2
2 4 9
1 6
2 7 9
5 10
1 6
1 5
1 1
1 4
1 9
1 6
1 5
1 1
1 4
1 9
3 10
1 6
1 7
1 9
1 6
1 7
1 9
3 10
1 1
1 6
1 7
1 1
2 8 6
1 7
4 10
1 4
1 5
1 8
1 9
1 4
2 5 3
1 8
1 9
4 10
1 9
1 2
1 8
1 10
1 9
1 2
1 8
1 10
2 10
1 8
1 4
1 8
1 4
3 10
1 6
1 4
1 7
1 6
1 4
2 7 1
4 10
1 1
1 2
1 10
1 4
2 1 4
1 2
1 10
2 8 4
4 10
1 7
1 2
1 9
1 5
1 7
1 2
1 9
1 5
6 10
1 1
1 8
1 5
1 4
1 2
1 6
1 1
1 8
1 5
1 4
1 2
1 6
31 40
1 16
1 38
1 4
1 35
1 37
1 31
1 39
1 33
1 28
1 23
1 4
1 11
1 9
1 6
1 39
1 24
1 34
1 20
1 20
1 8
1 17
1 29
1 25
1 2
1 26
1 34
1 10
1 15
1 33
1 7
1 40
2 19 16
2 3 38
2 4 18
2 5 35
2 37 14
2 31 19
2 39 25
2 33 7
2 28 22
1 23
2 32 4
2 11 35
2 9 2
2 35 6
2 13 39
2 17 24
2 12 34
2 20 36
1 20
1 8
1 17
2 29 26
2 25 6
2 2 34
2 1 26
2 40 34
2 2 10
2 15 21
2 37 33
2 7 11
2 40 27
3 10
1 10
1 7
1 6
1 10
1 7
1 6
2 10
1 10
1 2
1 10
1 2
5 10
1 7
1 2
1 3
1 10
1 8
1 7
1 2
1 3
1 10
1 8
7 10
1 2
1 6
1 8
1 10
1 5
1 4
1 10
1 2
1 6
1 8
2 10 1
1 5
1 4
2 9 10
2 10
1 4
1 7
2 4 1
1 7
4 10
1 6
1 1
1 9
1 2
1 6
1 1
1 9
1 2
30 40
1 35
1 27
1 31
1 14
1 34
1 33
1 18
1 28
1 35
1 25
1 4
1 19
1 20
1 30
1 21
1 14
1 10
1 11
1 2
1 36
1 8
1 7
1 16
1 30
1 17
1 6
1 23
1 38
1 25
1 38
2 40 35
2 5 27
1 31
2 14 22
2 8 34
2 33 16
2 39 18
2 13 28
2 23 35
1 25
1 4
2 19 3
2 20 1
2 30 16
2 24 21
1 14
2 12 10
2 11 23
1 2
2 36 2
2 9 8
2 7 29
2 16 15
2 40 30
1 17
2 7 6
2 23 37
2 24 38
2 18 25
2 38 26
6 10
1 7
1 10
1 4
1 6
1 1
1 4
1 7
2 3 10
2 4 9
1 6
1 1
2 4 2
3 10
1 3
1 9
1 6
1 3
1 9
1 6
3 10
1 10
1 8
1 3
1 10
1 8
1 3
4 10
1 9
1 6
1 7
1 4
1 9
1 6
1 7
1 4
3 10
1 2
1 5
1 8
1 2
1 5
1 8
3 10
1 7
1 2
1 5
1 7
1 2
1 5
5 10
1 6
1 9
1 1
1 3
1 7
1 6
1 9
1 1
1 3
1 7
5 10
1 10
1 1
1 9
1 7
1 8
1 10
1 1
2 9 5
1 7
1 8
3 10
1 8
1 7
1 1
1 8
1 7
1 1
4 10
1 7
1 3
1 8
1 9
1 7
1 3
1 8
2 9 4
4 10
1 7
1 5
1 10
1 2
1 7
1 5
1 10
1 2
2 10
1 8
1 1
1 8
1 1
5 10
1 7
1 5
1 4
1 2
1 1
2 7 3
1 5
1 4
1 2
1 1
5 10
1 5
1 4
1 3
1 9
1 10
1 5
1 4
1 3
1 9
1 10
3 10
1 5
1 8
1 3
1 5
1 8
1 3
3 10
1 10
1 4
1 10
2 1 10
1 4
2 6 10
5 10
1 8
1 5
1 4
1 6
1 9
1 8
1 5
1 4
1 6
1 9
3 10
1 4
1 2
1 1
1 4
1 2
1 1
1 10
1 5
1 5
4 10
1 10
1 7
1 3
1 5
1 10
1 7
1 3
1 5
4 10
1 8
1 10
1 5
1 4
1 8
1 10
1 5
1 4
4 10
1 3
1 10
1 7
1 4
1 3
1 10
1 7
1 4
3 10
1 6
1 10
1 2
1 6
1 10
1 2
5 10
1 1
1 4
1 7
1 6
1 8
1 1
1 4
1 7
1 6
1 8
2 10
1 1
1 2
1 1
1 2
1 10
1 3
1 3
5 10
1 9
1 7
1 4
1 3
1 9
1 9
1 7
1 4
2 9 3
2 9 3
3 10
1 6
1 3
1 2
1 6
1 3
1 2
4 10
1 3
1 5
1 4
1 7
1 3
1 5
1 4
1 7
3 10
1 7
1 5
1 8
1 7
1 5
1 8
4 10
1 5
1 9
1 8
1 8
1 5
1 9
2 4 8
2 7 8
5 10
1 6
1 4
1 2
1 8
1 7
1 6
1 4
1 2
1 8
1 7
6 10
1 4
1 10
1 9
1 8
1 2
1 3
1 4
1 10
1 9
1 8
1 2
1 3
4 10
1 7
1 8
1 5
1 1
1 7
1 8
1 5
1 1
1 10
1 7
1 7
2 10
1 2
1 3
2 2 5
1 3
5 10
1 10
1 3
1 1
1 2
1 10
2 10 5
1 3
1 1
1 2
2 10 8
29 40
1 25
1 22
1 10
1 15
1 16
1 20
1 32
1 8
1 31
1 37
1 28
1 36
1 24
1 12
1 25
1 32
1 35
1 36
1 29
1 15
1 1
1 2
1 38
1 31
1 20
1 12
1 12
1 22
1 10
2 25 21
2 22 38
2 29 10
2 11 15
1 16
2 20 34
2 32 8
2 8 26
2 9 31
2 18 37
2 28 18
1 36
1 24
2 12 6
2 25 39
2 32 14
2 35 4
2 33 36
2 29 17
2 1 15
2 1 37
2 2 24
2 28 38
2 31 30
1 20
2 12 7
2 8 12
2 25 22
1 10
32 40
1 17
1 29
1 25
1 32
1 38
1 7
1 34
1 39
1 14
1 10
1 29
1 1
1 40
1 3
1 33
1 8
1 12
1 37
1 35
1 9
1 13
1 19
1 39
1 13
1 31
1 11
1 4
1 20
1 18
1 14
1 32
1 14
2 17 21
2 29 23
1 25
2 22 32
2 38 20
2 18 7
2 34 35
2 27 39
2 14 37
2 10 31
2 29 6
2 36 1
2 40 26
1 3
1 33
2 3 8
1 12
2 36 37
2 35 24
2 9 15
2 13 19
2 2 19
1 39
2 40 13
2 31 26
2 8 11
1 4
2 20 30
2 5 18
2 14 16
2 28 32
2 17 14
3 10
1 5
1 9
1 9
1 5
2 9 10
2 8 9
5 10
1 5
1 1
1 7
1 1
1 4
1 5
1 1
1 7
2 6 1
1 4
32 40
1 37
1 21
1 2
1 20
1 39
1 13
1 9
1 33
1 2
1 18
1 7
1 28
1 12
1 6
1 38
1 26
1 24
1 29
1 35
1 16
1 34
1 33
1 15
1 19
1 15
1 37
1 15
1 5
1 32
1 34
1 6
1 39
2 1 37
2 11 21
2 8 2
2 20 3
2 39 38
2 13 16
1 9
1 33
2 2 31
2 33 18
2 7 11
2 3 28
2 12 24
2 20 6
2 38 30
1 26
1 24
2 19 29
2 32 35
2 16 3
2 36 34
2 33 23
2 40 15
2 19 9
2 15 39
2 10 37
2 27 15
1 5
1 32
2 34 4
2 21 6
2 39 17
4 10
1 3
1 2
1 7
1 8
1 3
1 2
2 4 7
1 8
4 10
1 10
1 6
1 1
1 5
1 10
1 6
2 1 8
2 3 5
4 10
1 1
1 5
1 7
1 10
1 1
1 5
1 7
1 10
5 10
1 7
1 8
1 5
1 3
1 1
1 7
1 8
1 5
1 3
1 1
3 10
1 10
1 5
1 8
1 10
1 5
1 8
3 10
1 6
1 4
1 8
1 6
1 4
1 8
2 10
1 9
1 6
1 9
1 6
2 10
1 4
1 5
1 4
1 5
5 10
1 10
1 9
1 7
1 5
1 2
1 10
1 9
2 7 3
2 5 3
1 2
4 10
1 8
1 5
1 3
1 1
1 8
1 5
1 3
1 1
3 10
1 7
1 4
1 2
1 7
1 4
1 2
4 10
1 10
1 6
1 3
1 2
1 10
1 6
1 3
1 2
4 10
1 2
1 1
1 9
1 4
1 2
1 1
1 9
1 4
3 10
1 2
1 8
1 3
1 2
2 7 8
1 3
2 10
1 7
1 2
1 7
1 2
4 10
1 6
1 3
1 9
1 7
1 6
1 3
1 9
1 7
3 10
1 4
1 5
1 1
1 4
1 5
1 1
5 10
1 5
1 10
1 7
1 6
1 3
1 5
1 10
1 7
1 6
2 8 3
85 100
1 21
1 65
1 33
1 47
1 60
1 49
1 7
1 85
1 35
1 51
1 66
1 34
1 25
1 73
1 39
1 28
1 47
1 31
1 91
1 58
1 5
1 43
1 27
1 68
1 13
1 71
1 1
1 37
1 28
1 22
1 97
1 85
1 13
1 36
1 57
1 30
1 49
1 88
1 51
1 83
1 60
1 65
1 16
1 75
1 94
1 11
1 50
1 9
1 82
1 30
1 12
1 6
1 16
1 84
1 59
1 18
1 20
1 14
1 45
1 100
1 81
1 19
1 59
1 32
1 79
1 51
1 41
1 48
1 31
1 67
1 93
1 96
1 79
1 62
1 23
1 38
1 7
1 45
1 44
1 80
1 61
1 12
1 23
1 70
1 87
2 21 60
2 65 2
2 70 33
2 70 47
2 60 20
2 17 49
2 90 7
2 85 27
2 98 35
2 92 51
2 66 91
2 18 34
2 3 25
2 73 37
2 39 83
2 24 28
2 2 47
2 31 99
2 41 91
2 1 58
2 5 96
2 51 43
2 27 91
2 3 68
2 64 13
2 71 57
2 1 67
2 47 37
2 54 28
2 22 53
2 47 97
2 85 50
2 13 56
2 36 86
2 86 57
2 39 30
1 49
2 71 88
2 8 51
2 11 83
2 70 60
2 65 95
1 16
2 75 40
2 94 63
2 36 11
2 50 88
2 9 64
2 82 75
2 30 80
2 12 58
2 6 81
2 16 82
2 37 84
2 59 4
2 78 18
2 52 20
2 14 55
2 69 45
2 100 10
2 81 15
2 19 41
2 42 59
2 6 32
2 77 79
2 60 51
2 41 14
2 48 55
2 31 76
2 74 67
2 49 93
2 48 96
2 100 79
2 17 62
1 23
2 38 26
2 20 7
2 45 5
2 65 44
2 80 94
2 16 61
1 12
2 29 23
2 35 70
2 87 97
3 10
1 5
1 10
1 4
1 5
1 10
1 4
4 10
1 7
1 3
1 10
1 6
1 7
1 3
1 10
1 6
2 10
1 3
1 1
1 3
1 1
4 10
1 6
1 2
1 10
1 8
1 6
1 2
1 10
1 8
2 10
1 4
1 8
1 4
1 8
5 10
1 3
1 10
1 9
1 4
1 6
1 3
1 10
1 9
1 4
1 6
5 10
1 5
1 7
1 2
1 1
1 4
1 5
1 7
1 2
1 1
1 4
85 100
1 60
1 93
1 61
1 89
1 13
1 25
1 38
1 82
1 21
1 84
1 76
1 83
1 73
1 99
1 35
1 20
1 69
1 97
1 88
1 92
1 67
1 65
1 84
1 42
1 27
1 68
1 57
1 47
1 6
1 59
1 48
1 14
1 16
1 96
1 56
1 1
1 90
1 65
1 26
1 61
1 65
1 5
1 25
1 89
1 64
1 62
1 77
1 4
1 33
1 53
1 39
1 15
1 44
1 63
1 14
1 53
1 50
1 98
1 58
1 32
1 94
1 68
1 87
1 11
1 75
1 34
1 9
1 81
1 46
1 90
1 82
1 45
1 24
1 47
1 82
1 49
1 78
1 91
1 33
1 97
1 3
1 40
1 71
1 69
1 18
2 60 91
2 93 86
2 37 61
2 22 89
2 35 13
2 66 25
2 38 39
2 82 79
2 90 21
1 84
2 77 76
2 83 5
2 9 73
2 19 99
2 23 35
2 24 20
2 7 69
2 97 72
2 25 88
2 38 92
2 14 67
2 65 90
2 84 19
2 42 20
2 37 27
2 10 68
2 57 22
2 47 6
2 50 6
2 43 59
2 48 46
2 14 2
2 7 16
1 96
2 39 56
2 1 36
2 79 90
2 65 70
1 26
2 31 61
2 65 74
2 90 5
1 25
2 52 89
2 64 58
1 62
2 86 77
2 4 93
1 33
2 53 32
1 39
2 15 23
2 15 44
2 42 63
2 51 14
2 60 53
2 50 13
2 98 68
2 80 58
2 1 32
2 12 94
2 79 68
2 87 3
1 11
2 75 44
2 60 34
2 17 9
2 29 81
2 46 4
2 90 14
2 95 82
2 6 45
2 24 64
2 47 48
2 55 82
2 49 29
2 78 82
2 91 76
2 30 33
2 97 8
2 3 73
2 40 75
2 71 40
2 69 26
2 45 18
4 10
1 3
1 2
1 1
1 8
1 3
1 2
1 1
1 8
28 40
1 29
1 7
1 36
1 13
1 1
1 38
1 6
1 5
1 32
1 8
1 24
1 31
1 33
1 2
1 38
1 16
1 26
1 12
1 26
1 23
1 19
1 7
1 32
1 14
1 20
1 37
1 10
1 25
2 31 29
2 7 40
2 36 10
2 13 34
1 1
1 38
2 6 17
2 37 5
2 32 5
2 8 18
2 24 3
2 22 31
2 33 30
1 2
2 11 38
2 38 16
2 4 26
2 12 8
2 26 7
2 23 15
2 19 21
2 7 24
2 32 36
1 14
2 20 23
2 37 3
2 10 21
2 25 14
5 10
1 6
1 1
1 3
1 7
1 10
1 6
1 1
1 3
1 7
2 4 10
5 10
1 7
1 8
1 3
1 2
1 4
1 7
1 8
1 3
1 2
1 4
6 10
1 1
1 3
1 4
1 6
1 5
1 2
1 1
2 7 3
1 4
1 6
1 5
1 2
1 10
1 1
1 1
4 10
1 7
1 10
1 7
1 5
2 4 7
1 10
2 2 7
1 5
4 10
1 5
1 8
1 10
1 4
1 5
2 8 3
1 10
1 4
6 10
1 2
1 4
1 2
1 3
1 1
1 5
2 6 2
1 4
2 2 9
1 3
1 1
1 5
88 100
1 2
1 55
1 35
1 87
1 72
1 21
1 49
1 6
1 71
1 57
1 18
1 80
1 50
1 29
1 13
1 25
1 73
1 94
1 33
1 83
1 39
1 8
1 81
1 77
1 84
1 89
1 12
1 26
1 47
1 30
1 37
1 74
1 41
1 19
1 7
1 11
1 40
1 99
1 91
1 42
1 56
1 78
1 9
1 85
1 48
1 28
1 100
1 65
1 79
1 84
1 56
1 61
1 1
1 40
1 92
1 58
1 90
1 53
1 83
1 14
1 95
1 20
1 70
1 75
1 96
1 27
1 45
1 43
1 63
1 26
1 46
1 39
1 3
1 50
1 63
1 22
1 88
1 16
1 69
1 60
1 66
1 34
1 14
1 68
1 31
1 37
1 98
1 32
2 44 2
1 55
2 35 72
2 87 62
2 6 72
2 32 21
2 49 38
2 73 6
1 71
2 57 53
2 18 45
2 64 80
2 50 97
2 69 29
2 13 68
1 25
2 44 73
2 37 94
2 33 80
2 8 83
2 39 78
2 35 8
2 81 60
2 19 77
2 4 84
2 53 89
2 12 10
2 80 26
2 50 47
2 67 30
2 37 82
2 84 74
2 77 41
2 19 21
2 7 80
1 11
2 40 1
2 4 99
2 15 91
2 34 42
2 56 26
2 59 78
2 52 9
2 85 17
2 20 48
2 28 89
2 100 99
2 65 30
2 79 24
2 75 84
2 34 56
2 93 61
2 1 23
2 76 40
2 92 47
2 66 58
2 90 87
2 53 44
2 29 83
1 14
2 95 92
2 79 20
2 70 15
2 75 36
2 96 90
2 27 34
2 86 45
2 36 43
2 63 94
2 26 84
2 46 13
2 85 39
2 3 65
1 50
2 48 63
2 16 22
2 88 42
2 12 16
2 69 22
1 60
2 66 49
2 34 51
2 52 14
2 25 68
2 31 70
2 37 28
2 52 98
2 32 10
3 10
1 3
1 5
1 1
1 3
1 5
1 1
2 10
1 3
1 10
1 3
1 10
2 10
1 5
1 3
1 5
1 3
3 10
1 4
1 1
1 6
1 4
1 1
2 6 9
2 10
1 10
1 7
1 10
1 7
2 10
1 4
1 8
1 4
2 8 6
4 10
1 4
1 3
1 6
1 8
1 4
1 3
1 6
1 8
4 10
1 2
1 3
1 7
1 3
1 2
2 1 3
1 7
2 3 8
4 10
1 7
1 5
1 8
1 2
1 7
1 5
1 8
1 2
4 10
1 6
1 10
1 2
1 8
1 6
1 10
1 2
1 8
7 10
1 5
1 7
1 6
1 6
1 2
1 3
1 9
1 5
1 7
2 6 4
2 6 8
1 2
1 3
1 9
2 10
1 2
1 7
1 2
1 7
3 10
1 5
1 9
1 8
1 5
1 9
1 8
5 10
1 7
1 5
1 9
1 4
1 4
1 7
1 5
1 9
2 4 1
2 8 4
4 10
1 4
1 2
1 6
1 5
1 4
1 2
1 6
1 5
3 10
1 10
1 1
1 7
1 10
1 1
1 7
4 10
1 10
1 6
1 3
1 8
1 10
1 6
1 3
1 8
2 10
1 8
1 2
1 8
1 2
3 10
1 2
1 3
1 7
2 2 5
1 3
1 7
6 10
1 10
1 2
1 1
1 9
1 8
1 4
2 10 5
1 2
1 1
1 9
1 8
1 4
4 10
1 2
1 3
1 1
1 7
1 2
1 3
1 1
1 7
1 10
1 4
1 4
5 10
1 4
1 8
1 2
1 5
1 1
1 4
2 8 10
1 2
1 5
1 1
6 10
1 6
1 1
1 5
1 10
1 2
1 4
1 6
1 1
1 5
1 10
1 2
1 4
6 10
1 8
1 1
1 7
1 2
1 6
1 10
1 8
1 1
1 7
1 2
2 6 10
2 4 10
7 10
1 10
1 7
1 1
1 4
1 7
1 9
1 5
1 10
2 7 6
1 1
1 4
2 7 3
1 9
1 5
5 10
1 10
1 1
1 3
1 5
1 2
1 10
2 1 8
2 1 3
1 5
1 2
5 10
1 2
1 10
1 5
1 9
1 3
1 2
1 10
1 5
1 9
1 3
2 10
1 1
1 9
1 1
1 9
4 10
1 6
1 4
1 1
1 7
1 6
1 4
1 1
1 7
4 10
1 5
1 4
1 10
1 9
1 5
1 4
1 10
1 9
3 10
1 3
1 5
1 1
1 3
1 5
1 1
5 10
1 1
1 3
1 9
1 4
1 2
1 1
1 3
1 9
1 4
1 2
3 10
1 8
1 9
1 5
1 8
1 9
1 5
3 10
1 7
1 6
1 10
1 7
1 6
1 10
4 10
1 2
1 8
1 7
1 6
1 2
1 8
1 7
1 6
3 10
1 3
1 5
1 8
2 9 3
1 5
1 8
3 10
1 10
1 5
1 9
1 10
1 5
1 9
5 10
1 7
1 6
1 2
1 4
1 9
1 7
1 6
1 2
1 4
1 9
4 10
1 3
1 4
1 7
1 6
1 3
1 4
1 7
1 6
5 10
1 4
1 7
1 9
1 5
1 4
2 4 1
1 7
1 9
1 5
2 4 6
4 10
1 8
1 1
1 4
1 3
1 8
1 1
1 4
1 3
3 10
1 7
1 6
1 1
1 7
1 6
1 1
4 10
1 7
1 2
1 9
1 6
1 7
1 2
1 9
1 6
3 10
1 5
1 3
1 10
1 5
1 3
1 10
2 10
1 10
1 1
1 10
1 1
3 10
1 10
1 1
1 3
1 10
1 1
1 3
3 10
1 6
1 7
1 1
1 6
1 7
1 1
4 10
1 9
1 5
1 8
1 2
1 9
1 5
1 8
1 2
3 10
1 6
1 10
1 4
1 6
1 10
1 4
3 10
1 10
1 9
1 1
1 10
1 9
2 1 8
4 10
1 6
1 5
1 1
1 10
1 6
2 5 8
1 1
1 10
1 10
1 7
1 7
5 10
1 4
1 8
1 5
1 6
1 9
2 4 10
1 8
1 5
1 6
1 9
3 10
1 7
1 9
1 8
1 7
1 9
2 8 3
3 10
1 7
1 4
1 6
1 7
1 4
1 6
3 10
1 7
1 4
1 6
1 7
1 4
1 6
4 10
1 6
1 3
1 8
1 9
1 6
1 3
1 8
1 9
3 10
1 8
1 9
1 4
1 8
1 9
1 4
4 10
1 10
1 9
1 3
1 2
1 10
1 9
1 3
1 2
31 40
1 17
1 4
1 34
1 28
1 1
1 11
1 20
1 2
1 6
1 30
1 19
1 20
1 27
1 22
1 24
1 19
1 3
1 5
1 35
1 7
1 2
1 25
1 36
1 26
1 24
1 18
1 39
1 35
1 14
1 22
1 23
1 17
2 4 15
2 4 34
1 28
2 9 1
2 37 11
2 27 20
2 2 38
2 29 6
2 3 30
1 19
2 20 39
2 27 8
2 22 14
2 16 24
2 32 19
1 3
2 21 5
2 35 40
2 7 3
2 2 10
2 25 24
2 36 33
1 26
2 29 24
2 18 37
2 15 39
2 13 35
2 22 14
2 12 22
2 23 28
4 10
1 2
1 3
1 6
1 9
1 2
1 3
1 6
1 9
4 10
1 4
1 1
1 7
1 10
1 4
1 1
1 7
2 8 10
5 10
1 1
1 8
1 2
1 6
1 5
2 1 3
1 8
1 2
1 6
1 5
5 10
1 3
1 2
1 9
1 7
1 4
1 3
1 2
1 9
1 7
1 4
3 10
1 10
1 7
1 6
1 10
1 7
1 6
2 10
1 2
1 4
1 2
1 4
9 10
1 4
1 3
1 10
1 1
1 5
1 4
1 9
1 5
1 9
1 4
1 3
2 10 9
1 1
2 5 6
2 4 10
2 5 9
2 7 5
1 9
5 10
1 10
1 4
1 2
1 8
1 10
2 3 10
1 4
1 2
1 8
2 6 10
5 10
1 8
1 1
1 5
1 10
1 2
1 8
1 1
1 5
1 10
1 2
3 10
1 9
1 7
1 8
1 9
1 7
1 8
3 10
1 1
1 8
1 10
1 1
1 8
1 10
5 10
1 1
1 4
1 3
1 2
1 5
1 1
1 4
1 3
1 2
1 5
2 10
1 9
1 2
1 9
1 2
6 10
1 3
1 6
1 8
1 4
1 2
1 1
1 3
1 6
1 8
1 4
1 2
1 1
2 10
1 4
1 7
1 4
1 7
6 10
1 1
1 8
1 9
1 5
1 3
1 7
1 1
2 8 10
2 8 9
1 5
1 3
1 7
27 40
1 13
1 35
1 16
1 16
1 29
1 24
1 28
1 20
1 14
1 39
1 3
1 19
1 17
1 40
1 20
1 24
1 9
1 18
1 7
1 3
1 2
1 29
1 15
1 23
1 8
1 37
1 16
2 33 13
2 33 35
2 5 16
2 16 10
1 29
2 24 13
2 31 28
2 20 15
2 34 14
1 39
2 36 3
2 19 30
2 32 17
2 27 40
2 38 20
2 24 40
2 9 1
2 39 18
2 7 15
2 26 3
2 27 2
2 29 1
2 25 15
1 23
2 2 8
2 37 17
1 16
5 10
1 10
1 6
1 9
1 3
1 1
1 10
2 5 6
1 9
2 6 3
1 1
32 40
1 27
1 31
1 32
1 35
1 34
1 31
1 21
1 30
1 16
1 24
1 32
1 11
1 12
1 13
1 15
1 20
1 15
1 36
1 9
1 29
1 38
1 18
1 6
1 18
1 13
1 8
1 3
1 23
1 2
1 11
1 13
1 29
1 27
2 7 31
1 32
2 25 35
2 40 34
2 31 9
2 21 36
2 30 33
2 40 16
2 24 19
2 32 17
2 26 11
2 39 12
2 13 37
1 15
2 20 4
2 35 15
2 22 36
2 9 2
2 29 8
2 38 12
1 18
2 6 30
2 10 18
2 13 5
2 8 16
2 3 36
1 23
2 40 2
2 11 1
2 5 13
2 29 6
2 10
1 8
1 2
2 3 8
1 2
2 10
1 1
1 8
1 1
1 8
3 10
1 7
1 1
1 6
1 7
1 1
1 6
2 10
1 8
1 4
1 8
1 4
5 10
1 3
1 9
1 1
1 7
1 2
2 5 3
1 9
1 1
2 7 3
1 2
3 10
1 3
1 7
1 2
1 3
1 7
1 2
2 10
1 7
1 5
1 7
1 5
4 10
1 10
1 4
1 6
1 8
1 10
1 4
1 6
2 8 5
4 10
1 1
1 10
1 8
1 5
1 1
1 10
1 8
1 5
4 10
1 8
1 3
1 7
1 6
1 8
1 3
1 7
1 6
2 10
1 1
1 7
2 1 2
1 7
5 10
1 7
1 9
1 5
1 1
1 2
1 7
1 9
1 5
2 8 1
1 2
4 10
1 8
1 3
1 5
1 7
1 8
1 3
1 5
1 7
2 10
1 8
1 1
1 8
1 1
6 10
1 8
1 7
1 10
1 1
1 6
1 9
1 8
1 7
1 10
1 1
1 6
1 9
3 10
1 7
1 3
1 2
1 7
1 3
1 2
3 10
1 7
1 3
1 2
1 7
1 3
1 2
2 10
1 6
1 2
1 6
1 2
4 10
1 9
1 10
1 2
1 10
1 9
2 10 8
1 2
2 10 3
28 40
1 28
1 21
1 3
1 23
1 16
1 10
1 36
1 8
1 29
1 2
1 19
1 1
1 37
1 34
1 24
1 30
1 18
1 7
1 32
1 25
1 19
1 10
1 33
1 15
1 35
1 13
1 37
1 38
2 31 28
2 21 19
2 3 14
2 23 17
2 28 16
2 10 38
1 36
1 8
2 29 27
2 33 2
2 19 15
2 26 1
2 37 4
2 34 20
2 12 24
2 30 1
2 18 9
2 24 7
2 25 32
2 25 8
2 19 22
2 10 18
2 5 33
2 28 15
2 3 35
2 13 29
2 37 39
2 27 38
92 100
1 63
1 65
1 100
1 91
1 59
1 70
1 81
1 56
1 57
1 69
1 21
1 3
1 72
1 85
1 73
1 75
1 78
1 98
1 43
1 54
1 12
1 34
1 51
1 96
1 74
1 87
1 33
1 76
1 32
1 22
1 18
1 10
1 45
1 15
1 63
1 71
1 55
1 75
1 20
1 63
1 19
1 46
1 93
1 25
1 42
1 60
1 78
1 64
1 53
1 32
1 73
1 13
1 94
1 18
1 93
1 79
1 57
1 81
1 67
1 45
1 47
1 36
1 55
1 99
1 65
1 40
1 11
1 2
1 97
1 4
1 49
1 17
1 6
1 75
1 16
1 58
1 5
1 35
1 49
1 26
1 9
1 79
1 29
1 30
1 5
1 37
1 88
1 53
1 51
1 90
1 72
1 64
2 63 71
2 65 7
2 100 30
2 91 28
2 59 82
2 70 91
2 81 1
2 92 56
2 57 46
2 79 69
2 19 21
2 50 3
2 39 72
2 85 4
2 91 73
2 75 68
2 96 78
2 21 98
2 84 43
2 3 54
2 12 20
2 34 15
1 51
2 24 96
2 74 73
2 87 98
1 33
2 76 62
2 60 32
2 22 64
2 18 40
2 86 10
2 45 83
2 26 15
2 92 63
2 71 77
2 66 55
2 75 80
2 20 13
2 71 63
2 19 59
2 46 41
2 31 93
2 25 89
2 8 42
2 94 60
1 78
1 64
2 53 58
2 32 16
2 43 73
2 13 44
2 94 34
2 18 6
2 89 93
1 79
1 57
2 29 81
2 67 36
2 29 45
2 47 90
1 36
2 23 55
2 99 10
2 65 76
2 18 40
2 11 79
2 2 100
2 77 97
2 50 4
2 8 49
2 62 17
2 6 38
2 2 75
2 16 9
2 58 61
2 87 5
2 51 35
2 27 49
2 82 26
2 9 37
2 79 95
2 29 73
2 17 30
2 12 5
2 65 37
2 88 70
2 53 90
2 14 51
2 73 90
2 91 72
2 64 48
29 40
1 13
1 17
1 4
1 1
1 21
1 9
1 10
1 32
1 33
1 31
1 8
1 8
1 23
1 37
1 39
1 24
1 25
1 12
1 11
1 15
1 20
1 9
1 14
1 2
1 28
1 34
1 10
1 16
1 30
2 26 13
1 17
2 1 4
2 1 29
2 21 6
2 36 9
2 10 35
2 32 38
2 12 33
1 31
2 34 8
2 5 8
1 23
2 37 22
2 4 39
1 24
2 25 13
2 18 12
2 20 11
2 15 30
2 40 20
2 9 19
2 14 24
2 31 2
2 28 11
2 18 34
2 10 23
2 16 32
2 7 30
3 10
1 9
1 10
1 4
1 9
1 10
1 4
3 10
1 8
1 8
1 4
2 10 8
2 6 8
1 4
3 10
1 1
1 6
1 2
1 1
2 6 3
1 2
3 10
1 1
1 5
1 4
1 1
1 5
1 4
4 10
1 4
1 1
1 6
1 5
1 4
1 1
1 6
1 5
2 10
1 4
1 1
1 4
1 1
3 10
1 6
1 9
1 4
1 6
1 9
1 4
4 10
1 1
1 8
1 9
1 2
1 1
1 8
1 9
1 2
4 10
1 4
1 8
1 3
1 10
1 4
2 8 7
1 3
1 10
4 10
1 8
1 7
1 5
1 4
1 8
1 7
1 5
1 4
3 10
1 5
1 6
1 2
1 5
1 6
1 2
3 10
1 2
1 4
1 6
1 2
1 4
1 6
5 10
1 4
1 6
1 8
1 10
1 3
1 4
1 6
2 8 7
1 10
2 3 2
4 10
1 8
1 2
1 7
1 1
1 8
1 2
1 7
1 1
3 10
1 2
1 6
1 4
1 2
1 6
1 4
4 10
1 10
1 3
1 1
1 9
1 10
1 3
1 1
1 9
2 10
1 8
1 6
1 8
1 6
4 10
1 2
1 9
1 4
1 3
1 2
2 9 1
1 4
1 3
5 10
1 4
1 1
1 9
1 7
1 2
1 4
2 10 1
1 9
2 7 1
1 2
5 10
1 4
1 5
1 10
1 9
1 1
1 4
2 2 5
1 10
1 9
1 1
3 10
1 5
1 9
1 6
1 5
1 9
1 6
2 10
1 5
1 9
1 5
1 9
2 10
1 9
1 10
1 9
1 10
2 10
1 9
1 4
1 9
1 4
3 10
1 10
1 1
1 7
1 10
2 8 1
2 8 7
6 10
1 9
1 2
1 6
1 4
1 1
1 10
1 9
1 2
1 6
1 4
1 1
1 10
5 10
1 8
1 9
1 3
1 5
1 3
1 8
1 9
2 3 1
1 5
2 10 3
4 10
1 8
1 9
1 10
1 7
1 8
1 9
1 10
1 7
29 40
1 16
1 33
1 29
1 3
1 24
1 28
1 15
1 23
1 31
1 34
1 28
1 37
1 32
1 30
1 36
1 8
1 25
1 40
1 4
1 11
1 15
1 26
1 1
1 21
1 35
1 12
1 30
1 14
1 40
2 37 16
2 2 33
2 6 29
2 17 3
2 14 24
2 1 28
1 15
2 3 23
2 28 31
2 27 34
2 23 28
1 37
1 32
2 5 30
2 35 36
2 8 37
2 25 2
2 40 20
2 4 21
1 11
2 13 15
2 38 26
2 25 1
2 21 17
1 35
2 14 12
2 30 4
1 14
2 39 40
4 10
1 10
1 1
1 9
1 2
1 10
1 1
1 9
1 2
5 10
1 6
1 5
1 10
1 9
1 1
1 6
1 5
1 10
1 9
1 1
3 10
1 1
1 7
1 4
1 1
1 7
1 4
1 10
1 2
1 2
5 10
1 6
1 2
1 3
1 9
1 5
1 6
1 2
1 3
1 9
1 5
3 10
1 7
1 2
1 6
1 7
1 2
1 6
6 10
1 9
1 2
1 6
1 8
1 5
1 10
1 9
1 2
1 6
1 8
2 1 5
1 10
5 10
1 10
1 5
1 8
1 1
1 9
1 10
1 5
1 8
2 1 2
1 9
4 10
1 7
1 6
1 5
1 9
1 7
1 6
1 5
1 9
4 10
1 3
1 7
1 8
1 6
1 3
1 7
1 8
1 6
1 10
1 9
1 9
5 10
1 4
1 2
1 8
1 9
1 6
1 4
1 2
2 9 8
2 9 3
1 6
4 10
1 10
1 7
1 2
1 1
2 8 10
2 7 3
1 2
1 1
4 10
1 1
1 1
1 5
1 2
2 4 1
2 6 1
2 10 5
1 2
30 40
1 29
1 29
1 21
1 8
1 20
1 20
1 29
1 5
1 1
1 19
1 19
1 29
1 6
1 14
1 35
1 28
1 36
1 7
1 27
1 12
1 14
1 39
1 9
1 19
1 29
1 1
1 19
1 14
1 25
1 29
2 29 20
2 19 29
1 21
2 8 22
2 19 20
2 20 35
2 20 29
2 5 17
2 19 1
2 19 29
2 35 19
2 29 1
2 6 40
2 29 14
1 35
2 28 37
1 36
2 7 29
2 27 3
2 13 12
2 35 14
2 38 39
2 9 12
2 39 19
2 1 29
2 1 19
1 19
2 35 14
2 25 10
2 29 14
5 10
1 9
1 8
1 7
1 3
1 9
2 9 6
1 8
1 7
1 3
2 4 9
2 10
1 4
1 2
1 4
1 2
3 10
1 2
1 1
1 4
1 2
1 1
1 4
6 10
1 5
1 9
1 10
1 5
1 1
1 6
2 5 8
2 2 9
1 10
2 5 3
1 1
1 6
4 10
1 7
1 10
1 4
1 2
1 7
1 10
1 4
1 2
3 10
1 6
1 7
1 3
1 6
1 7
1 3
5 10
1 1
1 2
1 4
1 5
1 8
1 1
1 2
1 4
1 5
2 8 6
3 10
1 6
1 4
1 9
1 6
1 4
1 9
5 10
1 6
1 3
1 4
1 1
1 2
1 6
1 3
1 4
1 1
1 2
4 10
1 7
1 9
1 1
1 8
1 7
1 9
1 1
1 8
5 10
1 9
1 1
1 3
1 10
1 7
1 9
1 1
1 3
1 10
1 7
4 10
1 4
1 1
1 3
1 3
1 4
1 1
2 10 3
2 5 3
3 10
1 3
1 4
1 2
1 3
2 4 6
1 2
5 10
1 9
1 1
1 3
1 7
1 4
1 9
1 1
1 3
1 7
1 4
3 10
1 10
1 3
1 1
1 10
1 3
1 1
2 10
1 4
1 9
1 4
1 9
4 10
1 9
1 4
1 1
1 8
1 9
1 4
1 1
1 8
4 10
1 10
1 7
1 4
1 1
1 10
1 7
1 4
1 1
7 10
1 4
1 3
1 6
1 7
1 8
1 1
1 2
2 8 4
2 8 3
1 6
1 7
2 4 8
1 1
1 2
4 10
1 1
1 4
1 10
1 7
1 1
1 4
1 10
1 7
4 10
1 9
1 6
1 1
1 8
1 9
1 6
1 1
1 8
5 10
1 2
1 4
1 1
1 6
1 8
1 2
1 4
1 1
1 6
1 8
3 10
1 9
1 6
1 4
1 9
1 6
1 4
5 10
1 2
1 7
1 4
1 6
1 10
1 2
1 7
1 4
1 6
2 10 5
5 10
1 6
1 3
1 10
1 8
1 9
1 6
1 3
1 10
1 8
1 9
4 10
1 1
1 3
1 6
1 7
1 1
1 3
1 6
1 7
4 10
1 6
1 4
1 8
1 4
1 6
2 4 9
1 8
2 2 4
3 10
1 4
1 2
1 1
1 4
1 2
1 1
2 10
1 4
1 2
1 4
1 2
4 10
1 1
1 10
1 6
1 7
1 1
1 10
1 6
1 7
3 10
1 2
1 5
1 4
1 2
1 5
1 4
4 10
1 10
1 2
1 1
1 5
1 10
1 2
1 1
1 5
2 10
1 2
1 8
1 2
1 8
3 10
1 4
1 1
1 10
1 4
1 1
1 10
3 10
1 4
1 9
1 6
1 4
1 9
1 6
5 10
1 4
1 8
1 1
1 5
1 9
1 4
1 8
1 1
1 5
1 9
5 10
1 1
1 8
1 5
1 9
1 6
1 1
1 8
1 5
1 9
2 3 6
6 10
1 10
1 5
1 3
1 1
1 9
1 2
2 7 10
2 5 7
1 3
1 1
1 9
1 2
3 10
1 7
1 5
1 1
1 7
1 5
1 1
3 10
1 10
1 5
1 9
1 10
1 5
1 9
5 10
1 6
1 8
1 7
1 2
1 3
1 6
1 8
1 7
1 2
1 3
3 10
1 5
1 2
1 10
1 5
1 2
1 10
3 10
1 5
1 10
1 6
2 5 8
1 10
1 6
4 10
1 5
1 6
1 4
1 3
1 5
1 6
1 4
1 3
3 10
1 10
1 7
1 8
1 10
1 7
1 8
4 10
1 5
1 9
1 4
1 3
1 5
1 9
1 4
1 3
3 10
1 2
1 3
1 9
1 2
2 7 3
1 9
3 10
1 1
1 7
1 7
1 1
2 7 10
2 5 7
2 10
1 5
1 10
1 5
1 10
4 10
1 2
1 1
1 6
1 8
1 2
1 1
1 6
1 8
2 10
1 9
1 10
1 9
1 10
3 10
1 6
1 2
1 3
1 6
1 2
1 3
4 10
1 6
1 10
1 7
1 1
2 9 6
1 10
1 7
1 1
1 10
1 9
1 9
3 10
1 1
1 8
1 5
1 1
1 8
1 5
4 10
1 10
1 1
1 9
1 1
1 10
2 1 2
1 9
2 8 1
3 10
1 5
1 1
1 4
1 5
2 9 1
1 4
2 10
1 2
1 6
1 2
1 6
6 10
1 1
1 8
1 6
1 9
1 7
1 4
2 1 5
1 8
1 6
1 9
1 7
1 4
3 10
1 2
1 5
1 3
1 2
1 5
1 3
6 10
1 4
1 9
1 3
1 8
1 9
1 7
1 4
2 2 9
1 3
1 8
2 9 6
1 7
1 10
1 2
1 2
5 10
1 5
1 9
1 1
1 8
1 10
1 5
1 9
1 1
2 8 3
1 10
5 10
1 8
1 6
1 6
1 1
1 5
1 8
2 9 6
2 6 10
1 1
1 5
4 10
1 4
1 1
1 7
1 2
1 4
1 1
1 7
1 2
4 10
1 6
1 3
1 2
1 6
2 5 6
1 3
1 2
2 4 6
3 10
1 5
1 7
1 4
1 5
2 7 8
1 4
5 10
1 3
1 9
1 10
1 8
1 2
1 3
1 9
1 10
1 8
1 2
2 10
1 4
1 3
1 4
1 3
5 10
1 4
1 9
1 8
1 3
1 7
1 4
1 9
1 8
1 3
2 7 10
3 10
1 10
1 2
1 5
1 10
1 2
1 5
3 10
1 9
1 6
1 10
2 2 9
1 6
1 10
5 10
1 5
1 6
1 2
1 9
1 7
1 5
1 6
1 2
1 9
1 7
4 10
1 8
1 9
1 3
1 6
1 8
1 9
1 3
1 6
4 10
1 7
1 9
1 5
1 2
1 7
1 9
1 5
1 2
3 10
1 1
1 5
1 3
2 1 4
1 5
1 3
3 10
1 1
1 6
1 7
1 1
1 6
1 7
4 10
1 7
1 10
1 9
1 5
1 7
1 10
1 9
1 5
5 10
1 1
1 3
1 8
1 9
1 5
1 1
1 3
1 8
2 9 10
1 5
89 100
1 50
1 85
1 38
1 42
1 61
1 55
1 8
1 15
1 48
1 82
1 20
1 17
1 40
1 61
1 96
1 23
1 39
1 67
1 8
1 49
1 41
1 54
1 86
1 2
1 29
1 45
1 62
1 64
1 25
1 88
1 33
1 99
1 76
1 74
1 89
1 72
1 81
1 51
1 46
1 65
1 31
1 52
1 24
1 79
1 57
1 71
1 67
1 98
1 97
1 73
1 24
1 81
1 1
1 51
1 59
1 75
1 17
1 31
1 26
1 89
1 55
1 8
1 91
1 39
1 47
1 67
1 93
1 85
1 79
1 75
1 100
1 77
1 39
1 53
1 28
1 27
1 84
1 11
1 76
1 36
1 98
1 13
1 29
1 12
1 63
1 42
1 43
1 92
1 38
2 50 40
2 51 85
1 38
2 42 30
2 61 57
2 37 55
2 69 8
2 88 15
2 23 48
1 82
2 93 20
2 17 5
2 95 40
2 84 61
2 96 80
2 34 23
2 39 62
2 67 6
2 8 32
2 49 11
2 41 89
2 54 35
2 86 71
2 2 49
2 29 68
2 94 45
2 62 93
2 64 98
2 25 68
2 88 80
2 33 90
2 99 31
2 83 76
2 24 74
2 18 89
1 72
2 81 21
2 51 60
2 40 46
2 27 65
2 31 77
2 52 82
1 24
2 2 79
2 65 57
2 51 71
2 67 58
2 98 7
2 97 3
2 43 73
2 44 24
2 81 45
2 1 44
2 51 89
2 59 15
2 75 78
2 16 17
1 31
2 13 26
2 89 14
2 42 55
2 8 89
2 86 91
2 39 19
1 47
2 28 67
2 93 87
2 85 35
2 48 79
2 22 75
2 100 55
2 77 70
1 39
2 53 59
2 28 10
2 96 27
2 84 100
2 11 73
2 76 66
2 77 36
2 51 98
2 13 63
2 29 4
2 94 12
2 13 63
2 42 43
2 43 9
2 18 92
2 38 22
5 10
1 4
1 6
1 9
1 3
1 9
1 4
1 6
2 9 7
1 3
2 9 1
4 10
1 10
1 3
1 1
1 2
1 10
2 3 7
2 1 7
1 2
3 10
1 4
1 2
1 5
1 4
1 2
1 5
2 10
1 5
1 2
1 5
1 2
29 40
1 7
1 17
1 40
1 27
1 6
1 34
1 29
1 20
1 34
1 1
1 33
1 26
1 33
1 28
1 18
1 4
1 24
1 8
1 15
1 35
1 6
1 15
1 3
1 23
1 5
1 35
1 3
1 9
1 10
2 7 16
2 17 28
2 31 40
1 27
2 6 25
2 5 34
2 20 29
2 12 20
2 34 1
2 21 1
2 14 33
2 26 21
1 33
2 28 13
2 18 6
2 26 4
2 10 24
2 38 8
2 15 7
2 35 32
1 6
1 15
1 3
2 30 23
2 39 5
2 35 31
2 3 22
2 39 9
2 27 10
3 10
1 5
1 4
1 10
1 5
2 6 4
1 10
5 10
1 7
1 9
1 5
1 10
1 1
1 7
2 9 3
1 5
1 10
1 1
2 10
1 8
1 1
2 8 2
1 1
9 10
1 4
1 3
1 3
1 8
1 7
1 9
1 2
1 9
1 2
1 4
2 3 5
1 3
1 8
1 7
2 2 9
2 3 2
2 9 6
2 5 2
1 10
1 3
1 3
4 10
1 9
1 6
1 10
1 2
1 9
1 6
1 10
2 4 2
2 10
1 6
1 3
1 6
1 3
3 10
1 1
1 5
1 2
1 1
1 5
1 2
2 10
1 6
1 8
1 6
1 8
3 10
1 7
1 4
1 3
1 7
1 4
1 3
3 10
1 4
1 7
1 10
1 4
1 7
1 10
4 10
1 9
1 1
1 10
1 2
1 9
1 1
2 7 10
2 2 4
3 10
1 7
1 3
1 8
1 7
1 3
1 8
3 10
1 8
1 3
1 5
1 8
1 3
1 5
4 10
1 9
1 4
1 10
1 6
1 9
1 4
1 10
1 6
4 10
1 3
1 4
1 9
1 8
1 3
1 4
1 9
1 8
4 10
1 10
1 10
1 7
1 9
2 10 4
2 8 10
1 7
1 9
5 10
1 7
1 5
1 9
1 1
1 2
1 7
1 5
2 9 1
2 4 1
1 2
3 10
1 6
1 7
1 3
1 6
1 7
1 3
3 10
1 4
1 9
1 2
1 4
1 9
1 2
3 10
1 4
1 2
1 8
1 4
1 2
1 8
4 10
1 10
1 2
1 9
1 2
1 10
2 1 2
1 9
2 4 2
3 10
1 7
1 2
1 6
1 7
2 2 3
1 6
2 10
1 5
1 2
1 5
1 2
4 10
1 1
1 4
1 2
1 10
1 1
2 4 10
1 2
2 10 5
5 10
1 10
1 9
1 5
1 2
1 4
1 10
1 9
1 5
1 2
1 4
4 10
1 7
1 9
1 2
1 5
1 7
1 9
1 2
1 5
4 10
1 5
1 6
1 9
1 4
1 5
1 6
1 9
1 4
4 10
1 7
1 6
1 10
1 4
2 8 7
2 7 6
1 10
1 4
5 10
1 5
1 1
1 2
1 6
1 8
1 5
1 1
1 2
1 6
1 8
4 10
1 8
1 6
1 2
1 3
1 8
1 6
1 2
1 3
5 10
1 7
1 3
1 8
1 4
1 5
1 7
1 3
2 5 8
1 4
2 5 9
5 10
1 8
1 5
1 6
1 1
1 4
1 8
1 5
1 6
2 2 1
2 4 1
5 10
1 4
1 5
1 2
1 3
1 3
1 4
1 5
1 2
2 3 9
2 10 3
28 40
1 34
1 6
1 11
1 9
1 21
1 32
1 3
1 13
1 40
1 4
1 4
1 3
1 34
1 12
1 7
1 17
1 6
1 24
1 35
1 18
1 24
1 15
1 24
1 11
1 37
1 12
1 18
1 19
2 34 28
2 6 23
2 8 11
2 9 29
2 7 21
2 32 14
2 10 3
2 13 17
2 1 40
1 4
2 33 4
2 3 13
2 30 34
1 12
2 7 20
2 17 27
2 16 6
1 24
2 4 35
2 14 18
2 24 2
1 15
2 24 38
2 11 39
2 25 37
2 5 12
2 18 22
1 19
5 10
1 7
1 1
1 9
1 10
1 8
1 7
1 1
1 9
1 10
1 8
5 10
1 10
1 3
1 8
1 2
1 5
1 10
1 3
1 8
1 2
1 5
31 40
1 1
1 13
1 2
1 7
1 23
1 15
1 26
1 33
1 20
1 25
1 39
1 37
1 24
1 1
1 33
1 12
1 19
1 34
1 28
1 28
1 17
1 9
1 19
1 20
1 13
1 10
1 1
1 40
1 2
1 5
1 38
2 27 1
2 13 16
2 2 30
2 7 11
2 23 37
2 15 4
2 26 6
1 33
1 20
2 6 25
2 24 39
2 37 29
2 3 24
2 5 1
2 33 22
1 12
2 36 19
2 34 31
2 37 28
2 28 26
1 17
2 3 9
1 19
2 14 20
2 39 13
2 17 10
2 1 13
2 40 38
1 2
2 5 35
2 29 38
8 10
1 8
1 9
1 9
1 10
1 9
1 2
1 8
1 5
2 5 8
2 10 9
1 9
1 10
2 4 9
1 2
2 8 10
2 5 3
7 10
1 5
1 7
1 8
1 4
1 10
1 1
1 6
1 5
1 7
2 2 8
1 4
1 10
1 1
2 8 6
4 10
1 4
1 1
1 5
1 5
1 4
1 1
2 5 9
2 5 8
4 10
1 9
1 3
1 1
1 4
1 9
1 3
1 1
1 4
2 10
1 7
1 8
1 7
1 8
3 10
1 2
1 8
1 5
1 2
1 8
1 5
3 10
1 1
1 3
1 8
1 1
1 3
2 2 8
4 10
1 4
1 4
1 3
1 10
2 4 6
2 1 4
1 3
1 10
2 10
1 9
1 7
1 9
2 7 5
3 10
1 8
1 2
1 6
1 8
1 2
1 6
5 10
1 2
1 3
1 6
1 5
1 7
1 2
1 3
1 6
1 5
1 7
1 10
1 8
1 8
3 10
1 7
1 4
1 8
1 7
1 4
1 8
6 10
1 9
1 5
1 6
1 4
1 10
1 1
1 9
1 5
1 6
1 4
1 10
1 1
1 10
1 8
1 8
1 10
1 4
1 4
28 40
1 11
1 1
1 9
1 35
1 21
1 20
1 28
1 9
1 30
1 29
1 31
1 32
1 8
1 40
1 11
1 38
1 10
1 18
1 35
1 7
1 4
1 4
1 2
1 15
1 13
1 34
1 26
1 36
2 1 11
1 1
2 39 9
2 29 35
2 21 17
2 12 20
2 18 28
1 9
1 30
2 29 6
2 15 31
2 32 26
2 12 8
2 40 2
2 11 24
2 33 38
2 6 10
2 3 18
2 35 8
2 5 7
2 16 4
2 4 23
2 38 2
1 15
2 13 5
2 34 2
2 2 26
2 36 10
5 10
1 7
1 2
1 8
1 4
1 5
1 7
2 10 2
1 8
1 4
1 5
27 40
1 22
1 23
1 6
1 3
1 26
1 1
1 35
1 10
1 35
1 24
1 38
1 5
1 1
1 8
1 39
1 8
1 22
1 40
1 40
1 2
1 26
1 33
1 30
1 4
1 25
1 3
1 11
2 22 29
2 23 32
2 19 6
2 4 3
2 26 20
2 28 1
2 3 35
1 10
2 34 35
2 24 37
2 38 16
2 25 5
2 12 1
2 21 8
2 39 3
2 18 8
2 22 7
2 40 38
2 40 2
2 15 2
1 26
2 33 23
2 30 3
2 4 24
2 25 15
2 27 3
1 11
4 10
1 6
1 1
1 10
1 3
1 6
1 1
1 10
1 3
3 10
1 4
1 2
1 9
1 4
1 2
1 9
5 10
1 9
1 1
1 5
1 10
1 3
1 9
2 2 1
1 5
1 10
1 3
3 10
1 10
1 5
1 9
2 4 10
1 5
1 9
1 10
1 6
1 6
2 10
1 2
1 3
1 2
1 3
5 10
1 5
1 6
1 4
1 10
1 1
2 2 5
1 6
1 4
1 10
1 1
3 10
1 7
1 10
1 8
1 7
1 10
1 8
3 10
1 5
1 6
1 7
1 5
1 6
1 7
5 10
1 2
1 7
1 1
1 5
1 6
1 2
1 7
1 1
1 5
1 6
5 10
1 5
1 6
1 3
1 7
1 4
1 5
1 6
1 3
1 7
1 4
5 10
1 7
1 8
1 6
1 3
1 9
1 7
1 8
1 6
1 3
1 9
4 10
1 6
1 9
1 7
1 9
1 6
2 9 8
1 7
2 5 9
5 10
1 1
1 3
1 8
1 2
1 3
1 1
2 3 10
1 8
1 2
2 3 5
2 10
1 10
1 2
1 10
2 4 2
3 10
1 6
1 5
1 1
1 6
1 5
1 1
5 10
1 8
1 4
1 10
1 2
1 9
2 8 7
1 4
1 10
1 2
1 9
4 10
1 1
1 5
1 4
1 9
1 1
1 5
1 4
1 9
3 10
1 9
1 6
1 4
1 9
1 6
1 4
