2
4
4
4
4
2
5
4
1
4
1
2
2
2
3
2
2
12
2
3
6
4
4
3
3
4
1
2
2
3
3
2
5
4
3
5
3
-1
11
2
6
3
2
4
33
4
1
3
3
3
1
3
3
4
3
1
3
3
2
4
3
5
6
2
2
3
2
3
3
14
3
3
3
2
3
3
1
4
2
2
4
6
4
4
2
2
1
5
4
6
2
2
4
4
3
6
3
11
2
4
1
2
3
3
12
3
4
4
3
4
2
2
3
3
1
5
2
3
4
4
3
4
3
3
3
4
4
4
2
4
2
5
4
2
2
5
3
2
3
4
3
3
2
3
4
5
6
4
5
3
2
3
2
3
2
6
1
-1
2
15
10
4
4
1
3
4
3
3
2
5
6
2
2
3
4
3
5
4
3
2
2
1
1
17
3
1
3
4
1
5
3
4
3
2
4
3
3
3
2
4
2
3
2
3
2
4
3
1
3
1
4
2
3
1
3
2
2
3
5
3
5
4
2
4
3
15
5
36
3
2
4
1
3
3
15
2
4
5
5
14
2
5
4
1
1
3
2
4
3
3
4
4
3
4
3
4
4
4
3
5
3
-1
3
5
4
4
3
4
2
5
3
4
4
5
5
3
1
4
2
1
5
5
3
5
2
1
3
6
2
2
5
4
2
4
3
3
2
4
1
4
4
11
3
5
4
4
2
4
3
2
4
6
2
2
4
3
6
3
4
3
3
2
5
10
13
9
-1
1
1
3
3
1
3
6
3
2
3
2
3
3
3
4
2
3
3
14
5
4
4
5
3
3
2
1
5
4
2
4
3
13
2
4
4
4
4
3
2
3
3
5
5
2
2
7
2
3
3
4
3
3
5
2
3
3
16
4
3
3
2
1
2
3
3
2
3
32
3
2
5
11
3
5
5
1
3
4
3
6
12
4
5
3
14
3
2
37
4
3
4
3
5
2
5
12
3
3
4
5
2
4
1
1
2
13
3
3
3
4
3
3
5
3
2
4
2
1
5
4
5
3
3
2
4
3
4
3
3
3
4
3
2
1
5
3
9
1
4
2
1
3
3
3
1
4
3
5
5
2
2
3
3
3
4
3
2
2
5
13
4
4
4
2
3
2
2
3
3
3
4
1
3
2
1
2
13
3
4
3
4
12
2
4
1
3
3
5
3
30
5
4
2
1
5
4
4
2
3
1
4
3
5
2
3
2
4
1
7
2
2
1
4
2
4
2
3
16
2
2
2
5
2
3
3
5
2
4
4
1
1
4
1
3
2
2
3
2
3
1
2
2
4
2
2
10
5
1
4
2
5
3
3
77
3
3
4
10
2
4
3
1
4
4
4
5
5
2
5
3
2
3
4
2
2
2
4
6
10
3
2
5
5
1
4
11
3
3
3
4
3
3
5
4
3
3
4
2
4
5
3
1
5
3
1
4
4
4
3
5
2
1
-1
3
4
3
2
5
6
4
1
1
3
10
11
1
4
15
3
2
4
5
3
3
2
2
4
4
3
4
4
2
2
4
3
4
31
3
4
2
4
2
5
5
37
4
10
4
5
5
1
2
3
4
38
3
2
2
2
2
1
4
2
4
4
5
2
3
3
4
3
4
2
2
5
4
1
4
6
4
5
3
5
2
4
4
3
5
3
3
4
2
3
5
4
3
4
3
4
3
2
3
3
4
3
2
3
1
4
2
3
3
4
3
4
12
4
3
4
5
3
2
-1
3
5
3
3
5
2
6
2
4
10
3
11
1
2
3
2
3
3
2
3
4
4
1
4
4
2
6
3
3
2
2
7
38
9
3
1
2
3
4
2
3
4
3
4
3
3
3
4
3
4
2
3
3
4
3
2
2
2
2
6
3
4
15
4
5
3
1
5
3
5
4
4
4
1
3
2
1
-1
3
2
3
3
4
3
4
3
5
4
5
2
2
5
3
2
4
4
5
4
4
5
3
4
5
4
2
3
2
4
3
4
2
3
3
5
4
5
3
3
5
3
2
4
3
4
2
1
2
4
2
3
3
1
3
2
2
2
5
3
4
1
4
3
4
2
2
5
2
4
3
2
5
4
4
2
3
4
4
34
3
3
3
2
12
2
4
1
-1
1
3
2
3
2
3
3
2
3
3
4
4
2
3
3
3
3
2
2
2
2
5
4
4
2
5
4
3
3
3
7
5
5
12
-1
5
2
4
2
3
2
2
1
3
5
1
3
6
1
1
12
4
7
4
3
4
2
1
2
4
3
3
5
5
5
2
3
1
3
4
4
3
