4
5
3
7
4
6
7
13
4
6
4
19
3
4
1
3
7
6
22
5
5
4
4
4
7
7
3
7
2
4
1
14
3
8
6
4
3
5
4
5
5
47
4
3
4
3
5
2
2
5
5
2
7
2
5
6
4
1
1
5
6
4
3
2
4
6
5
3
4
5
1
3
5
4
6
3
5
3
1
5
3
2
8
4
7
4
4
5
2
4
6
7
5
7
4
0
5
6
5
3
4
6
18
6
4
2
4
1
6
5
7
6
5
5
4
23
4
5
8
4
8
3
7
-1
4
4
4
4
6
5
5
5
1
4
4
4
3
5
4
1
4
20
23
8
2
7
7
2
5
4
4
6
4
5
47
4
5
5
2
5
8
4
7
3
0
6
6
6
7
5
2
3
3
2
6
20
7
2
1
6
8
6
5
44
3
4
7
3
5
2
5
8
3
5
7
4
6
5
4
5
5
5
6
4
2
4
4
4
6
4
6
6
7
7
6
4
2
6
7
5
18
5
7
51
4
6
5
7
6
6
5
7
6
7
4
3
5
1
3
3
6
5
3
3
2
3
6
3
7
6
7
5
5
3
7
5
-1
3
3
1
4
5
-1
8
3
5
2
8
5
4
6
6
6
16
7
3
8
4
4
5
5
4
7
20
4
7
4
5
6
4
6
18
7
4
5
8
18
2
4
3
2
4
5
4
23
3
2
6
3
5
3
4
6
3
6
5
6
4
5
4
25
5
15
4
6
5
4
20
4
4
8
1
5
5
3
5
4
4
6
2
46
5
6
7
4
4
5
5
2
7
4
22
4
7
7
5
6
4
6
4
5
8
3
2
4
4
3
0
5
4
8
6
7
4
4
7
7
3
4
8
4
6
7
5
1
5
4
4
7
4
8
3
5
7
26
6
6
19
2
1
8
6
2
4
6
4
5
4
6
5
6
7
7
3
4
3
7
1
8
4
6
4
7
7
2
3
4
5
3
4
4
5
8
3
6
8
5
6
4
3
3
8
7
6
5
7
6
6
2
2
5
5
8
3
1
5
4
6
3
3
6
5
1
8
3
4
6
5
6
3
5
3
4
6
4
28
5
8
4
6
3
5
5
2
4
7
6
2
6
5
6
6
5
5
7
5
4
5
4
5
7
53
5
5
7
5
6
3
5
5
25
3
14
2
6
3
5
4
6
2
7
26
3
3
6
4
14
5
5
4
5
2
4
4
3
5
4
6
3
3
5
3
3
5
20
16
6
5
7
6
5
4
3
4
3
4
4
5
4
5
3
3
5
4
8
3
5
2
7
8
5
7
5
7
8
-1
2
4
4
3
4
4
5
17
2
6
4
6
5
8
7
4
6
6
3
3
5
6
6
5
5
7
8
3
6
4
2
3
-1
8
8
7
3
22
6
7
4
4
3
25
6
4
7
5
4
3
5
4
4
4
4
6
5
-1
4
7
4
2
6
6
6
4
4
5
16
2
7
5
4
3
100
2
4
2
1
3
7
6
5
19
4
2
4
3
3
6
4
4
6
5
5
4
4
24
5
7
4
1
5
6
7
2
5
2
2
3
5
4
3
5
2
4
8
4
4
5
7
5
5
4
21
3
21
4
4
2
4
5
2
5
5
5
5
6
7
3
16
4
3
5
2
3
3
6
5
5
5
6
5
-1
8
7
6
5
5
6
8
0
3
5
1
6
5
3
4
7
5
2
29
2
5
8
99
15
5
5
6
3
5
5
5
2
4
4
5
5
6
1
26
4
5
3
6
3
5
6
3
8
3
19
3
5
7
3
7
5
5
21
2
6
4
8
6
-1
5
1
5
2
5
3
5
4
4
8
5
4
3
6
6
4
3
7
3
4
7
3
4
3
2
6
6
5
3
3
20
15
3
5
5
5
7
8
7
2
3
5
2
7
5
8
1
6
-1
3
5
5
5
6
7
2
4
6
8
8
2
4
7
2
-1
7
5
48
2
4
3
5
5
5
3
3
5
4
6
3
4
2
6
7
3
23
4
5
5
6
4
48
6
5
7
7
4
5
5
6
8
4
6
6
6
4
4
4
3
5
45
3
5
6
4
4
5
1
6
4
5
7
46
6
4
6
5
22
5
5
3
2
5
5
6
5
6
4
5
4
6
4
6
5
5
5
5
6
5
5
4
3
7
5
5
2
7
3
3
6
2
4
7
5
-1
1
5
5
4
5
4
5
4
3
6
6
4
2
17
6
5
6
5
3
7
5
5
4
3
4
7
4
2
4
4
3
3
6
6
19
3
5
5
23
3
4
