33
33
39
29
27
35
35
30
36
27
27
29
35
32
29
32
23
32
27
29
28
36
35
33
33
35
30
34
28
31
36
37
31
26
34
36
30
35
41
29
33
25
429
39
36
30
31
43
34
34
31
28
32
34
28
36
40
29
31
33
29
45
29
41
26
31
29
27
30
32
30
38
26
42
34
30
32
39
38
39
30
27
34
35
26
412
40
36
38
38
31
32
30
36
31
28
35
34
26
36
27
30
31
34
31
29
31
28
28
25
42
27
35
35
34
29
35
36
42
34
34
36
25
31
34
29
28
26
31
37
36
31
24
29
33
34
35
29
26
25
31
42
34
29
32
36
32
33
27
31
30
27
30
32
41
32
35
34
28
30
36
25
36
31
30
32
37
40
36
34
44640
35
37
32
37
34
26
39
35
36
37
30
28
34
25
27
31
29
27
34
27
31
26
30
34
32
36
26
25
30
34
29
31
32
35
26
24
26
34
27
31
37
31
34
31
39
37
33
31
31
31
31
34
33
29
33
33
41
32
27
32
36
27
32
31
37
29
33
36
26
32
28
35
30
39
37
34
33
30
25
34
-1
37
35
41
29
39
35
30
31
39
30
37
30
35
38
32
30
34
34
42
30
-1
39
36
34
30
31
33
42
35
33
32
31
36
38
31
28
34
28
44
35
38
32
33
36
38
31
28
31
35
30
35
29
31
35
26
37
34
31
38
41
31
30
26
28
34
32
31
29
37
24
36
26
37
439
29
29
31
25
39
30
37
35
34
28
28
33
30
29
32
30
38
34
23
33
33
35
22
44497
31
30
40
37
29
29
34
30
39
28
35
428
26
30
40
33
35
29
33
26
33
36
28
33
37
33
30
33
33
408
33
34
40
32
28
29
31
43
27
31
29
34
35
32
41
34
41
34
32
27
25
31
32
36
40
32
33
33
31
25
33
30
26
32
35
35
31
31
39
35
31
27
28
22
33
26
36
40
30
33
30
36
32
32
39
35
26
30
32
32
39
29
34
37
33
33
33
39
23
442
25
29
28
32
32
38
34
36
32
29
35
35
38
37
35
39
26
30
32
28
29
30
42
34
30
38
30
34
36
37
30
30
32
40
32
34
34
37
39
40
30
35
33
36
34
33
27
36
39
28
34
32
34
31
35
35
32
38
41
33
27
34
35
36
35
36
28
36
32
28
38
34
35
31
37
35
31
32
40
35
31
30
32
39
32
35
32
30
30
31
36
25
36
33
36
30
33
34
29
29
30
36
24
35
29
33
-1
27
20
31
32
32
26
30
35
30
27
29
30
34
30
30
32
35
31
26
23
30
35
35
34
36
36
25
31
29
28
28
34
35
28
36
39
31
34
28
34
29
39
29
37
31
37
34
37
35
32
29
33
31
30
31
33
32
43
34
27
32
426
39
33
35
42
37
33
30
33
26
26
31
28
32
33
35
31
36
40
33
37
26
34
441
33
29
31
34
31
35
40
35
-1
36
37
26
31
30
35
-1
38
34
31
37
28
32
32
34
46
34
29
39
25
37
37
26
36
32
30
38
30
26
34
27
32
32
34
31
36
33
33
29
30
28
29
32
34
34
38
35
25
28
28
39
37
31
38
36
38
33
23
30
40
32
36
28
32
32
33
35
26
36
30
31
29
38
31
37
24
31
39
34
27
31
34
27
36
34
35
25
33
25
28
36
39
36
36
27
31
37
29
26
36
37
26
32
37
46
23
37
35
38
35
31
36
40
32
34
35
33
30
29
26
34
34
28
33
33
34
24
30
26
26
31
38
35
25
37
39
33
37
34
30
26
28
38
34
26
24
39
28
33
27
35
28
29
27
38
32
30
35
35
31
35
32
30
34
27
25
33
34
34
29
32
25
30
33
30
34
35
31
31
36
32
32
33
28
31
42
29
37
31
31
41
33
35
35
34
28
34
35
33
40
34
25
30
35
40
34
26
31
32
29
25
31
30
33
32
31
37
30
28
38
29
32
37
37
25
37
26
33
37
30
26
31
27
23
28
30
32
32
34
29
34
-1
27
37
32
29
36
32
31
34
36
24
38
33
29
36
30
39
24
34
37
34
33
23
27
28
29
31
31
30
22
38
31
28
30
31
31
31
33
28
35
30
35
37
24
25
43
29
35
33
33
32
28
30
31
36
30
28
31
33
32
34
28
29
33
32
38
24
34
37
36
35
434383
33
32
27
28
38
32
33
31
29
31
32
23
32
33
30
30
33
35
32
26
42
25
40
33
36
37
34
33
32
31
33
36
28
32
35
20
