1
4
3
1
2
2
3
4
2
4
4
2
1
4
1
2
4
4
2
12
2
3
3
4
3
3
11
4
4
2
2
4
17
2
2
2
2
28
2
2
3
4
3
2
3
3
3
1
3
3
4
5
3
5
15
4
5
2
5
3
1
2
2
3
4
2
7
4
3
4
4
2
3
4
2
4
3
3
3
2
2
2
1
4
2
3
2
3
3
3
3
18
4
2
3
4
35
4
4
42
1
4
2
4
0
3
1
4
2
3
3
4
3
4
2
4
2
3
3
3
48
4
4
5
2
3
3
3
15
2
2
3
2
4
3
4
12
4
1
3
3
3
4
2
3
2
4
3
2
4
4
3
3
3
4
3
4
3
4
3
4
3
4
3
4
3
3
2
2
5
3
3
2
5
3
3
17
3
3
4
2
3
3
4
2
3
4
4
4
4
17
2
3
2
3
3
3
5
12
3
4
1
2
2
4
1
4
3
2
4
3
4
3
3
4
4
2
2
3
3
3
4
4
4
1
4
3
4
29
2
4
2
4
3
3
3
3
2
4
3
18
4
4
4
4
3
3
2
10
4
4
5
3
4
3
4
1
3
3
4
1
3
4
3
5
2
3
3
13
4
12
0
4
3
4
3
4
2
4
2
4
1
1
0
2
10
2
4
4
4
3
5
1
2
2
3
13
17
4
1
2
5
3
2
2
4
16
13
4
3
3
8
4
3
4
1
2
2
2
3
12
82
3
3
4
3
2
3
4
3
1
2
2
14
4
15
8
10
1
2
1
4
3
2
4
5
3
2
4
3
4
2
3
4
2
8
3
2
4
4
4
3
2
2
8
1
2
3
3
4
3
2
2
3
3
4
4
0
3
0
4
3
2
2
4
3
3
8
4
2
3
3
4
4
3
1
4
4
3
3
3
8
5
3
4
3
4
2
3
3
4
16
2
0
3
3
5
2
4
3
3
4
3
2
3
1
3
2
4
3
4
1
2
4
3
4
2
2
4
1
2
2
2
3
3
3
3
12
3
4
2
4
3
4
1
3
3
3
3
4
2
2
4
2
2
8
4
2
4
3
1
4
1
4
2
4
4
3
5
3
1
1
3
3
4
15
3
3
3
4
2
3
3
3
4
3
4
3
2
3
1
0
22
2
2
2
4
4
3
4
4
4
3
4
2
3
2
2
2
4
4
3
4
4
3
4
1
3
4
3
2
4
3
3
5
4
2
3
2
2
2
4
4
3
1
3
3
4
4
4
4
4
4
4
4
3
3
4
5
17
2
2
3
4
3
3
2
4
3
3
3
2
3
1
2
4
2
3
3
4
3
2
4
3
9
3
3
4
2
3
3
3
1
1
4
4
2
2
3
1
3
4
3
2
3
5
4
5
4
3
4
2
3
4
3
3
22
3
1
4
1
1
3
4
1
3
4
3
3
4
3
4
3
4
1
2
4
3
4
4
3
2
3
3
4
4
1
3
4
4
4
3
4
1
4
3
4
1
12
3
4
3
3
2
3
2
1
1
2
2
3
3
4
3
2
2
2
3
4
2
15
3
5
4
3
2
4
4
3
3
3
4
4
4
2
4
3
5
1
3
4
3
4
3
2
4
2
17
2
2
4
3
18
2
3
4
17
2
0
2
4
5
4
3
5
3
2
5
3
4
2
43
2
5
2
1
4
3
4
3
3
4
4
2
4
4
3
4
3
3
8
2
3
1
3
3
2
13
2
39
3
2
4
2
4
3
2
4
4
4
4
5
3
4
0
35
2
3
3
4
4
4
3
3
2
4
3
3
4
4
4
3
2
4
3
2
4
4
14
4
3
2
2
1
3
4
2
3
4
1
2
2
3
3
4
4
4
2
4
4
3
2
3
4
3
2
2
3
3
1
3
0
10
3
4
1
3
4
3
3
2
3
4
3
2
2
3
1
2
4
2
3
3
4
2
2
3
3
4
4
3
3
3
3
28
4
4
3
2
3
3
5
4
2
4
2
2
0
4
2
4
4
4
4
4
2
12
4
4
3
4
4
2
4
4
5
4
4
4
4
3
2
3
4
0
3
4
4
1
4
3
12
18
4
4
3
4
3
4
4
4
3
2
2
3
4
4
5
0
2
3
1
4
3
3
4
4
4
4
3
3
4
2
7
4
5
3
4
1
3
2
4
4
3
3
4
4
10
3
2
4
1
4
3
1
2
5
4
2
3
4
3
2
3
51
2
2
3
4
4
4
1
3
4
4
4
3
4
3
2
4
3
3
4
2
1
3
4
2
1
