7
3
5
6
5
6
4
3
5
4
4
5
10
5
6
5
4
5
6
5
6
4
5
5
5
4
3
6
5
4
4
6
6
4
5
4
3
5
6
15
4
3
5
4
7
4
5
4
6
4
4
5
7
6
3
5
-1
4
5
5
7
6
5
4
3
6
7
5
6
6
5
4
4
5
5
4
6
3
7
4
6
6
4
5
5
3
5
5
4
3
6
6
6
5
4
6
4
4
17
4
5
6
4
4
5
4
4
6
3
3
5
5
5
15
3
5
6
5
5
5
5
4
6
6
5
5
5
5
4
6
4
4
5
4
4
5
4
5
4
5
9
7
5
4
6
5
31
5
5
12
4
-1
6
4
4
5
4
6
5
4
5
5
5
4
12
3
6
10
5
6
46
6
3
5
4
4
4
5
4
4
5
5
4
5
5
5
4
4
4
5
4
4
3
4
4
5
4
4
5
5
4
6
4
5
4
6
5
4
5
6
4
5
6
4
6
6
4
5
7
4
4
13
3
5
6
5
6
6
4
22
3
6
4
4
5
5
5
4
5
5
5
5
5
4
5
3
22
4
4
4
5
5
5
4
4
5
4
15
3
6
3
5
7
6
4
4
5
5
3
3
5
5
7
7
5
4
5
6
5
3
5
4
5
5
4
5
6
5
4
4
5
4
3
5
4
4
5
7
5
5
4
3
11
5
7
5
5
38
6
19
5
4
12
3
3
4
4
4
4
3
7
5
5
4
4
7
7
16
12
4
4
5
5
4
7
6
4
12
4
13
3
5
5
6
6
6
18
6
5
6
6
5
5
5
5
5
5
4
4
5
4
6
4
3
5
4
5
5
5
4
7
16
7
4
4
5
3
13
4
4
3
4
4
5
4
5
5
4
5
18
4
4
6
4
5
5
5
5
5
5
6
4
15
4
7
5
5
4
5
4
7
6
4
4
3
6
5
5
3
6
5
5
5
4
6
4
6
7
5
6
4
12
6
5
5
35
6
6
6
4
6
3
5
4
5
5
3
5
6
4
5
3
39
5
4
6
5
4
4
3
5
4
4
3
6
4
4
6
5
5
5
6
5
4
4
5
4
3
5
6
4
4
5
3
7
4
5
5
4
5
5
12
7
6
5
5
5
6
5
3
5
4
6
4
3
4
35
6
4
37
5
4
6
6
6
16
4
4
6
4
4
16
5
4
5
6
6
4
3
5
5
5
5
4
4
6
5
5
6
6
4
6
5
5
6
5
4
4
4
6
4
4
5
6
5
4
5
4
5
5
4
4
4
5
4
5
3
5
4
5
5
4
6
5
5
4
18
5
6
3
15
5
15
7
4
5
3
6
5
4
4
5
5
5
4
5
5
5
6
4
6
6
4
5
4
4
5
4
6
4
6
4
15
5
3
4
4
6
4
6
4
4
4
4
4
11
5
5
15
5
6
4
6
6
13
6
6
-1
6
5
5
5
6
7
3
6
4
3
4
5
5
4
4
4
6
6
5
3
5
5
5
3
5
5
3
6
5
4
5
5
3
5
3
6
5
5
5
4
4
5
5
6
4
3
5
5
5
5
4
-1
5
5
4
21
3
4
4
6
6
4
4
6
6
5
4
5
4
3
5
4
6
4
6
6
5
4
16
6
3
3
4
6
3
6
6
4
5
6
4
5
6
5
16
6
4
4
3
4
6
4
12
5
5
5
6
7
11
5
4
4
4
5
4
14
3
5
6
5
4
3
6
3
34
3
6
4
4
5
7
4
5
4
5
5
4
4
6
4
4
11
6
4
4
5
5
6
5
5
3
4
4
6
4
6
3
4
37
4
3
4
4
6
4
5
5
5
6
6
13
3
6
5
5
6
6
4
5
6
7
6
6
4
6
3
7
6
3
6
3
6
6
10
3
3
39
5
4
6
3
3
5
6
5
5
5
5
4
17
5
5
3
6
4
4
4
5
4
4
5
6
5
3
6
5
5
5
6
4
5
3
6
7
4
4
3
7
4
15
4
83
16
5
5
5
6
4
5
5
10
5
13
4
4
5
5
3
6
5
5
3
4
6
5
4
5
5
5
5
5
5
4
5
5
6
4
5
4
5
5
5
5
4
5
6
6
4
5
4
4
4
3
4
4
5
6
5
4
3
3
5
5
6
4
4
4
4
6
5
6
4
4
5
4
5
5
3
6
4
6
6
3
4
6
3
4
5
3
5
7
6
4
-1
6
4
4
16
4
5
6
5
5
6
5
4
6
6
5
4
5
5
4
5
5
4
5
6
6
6
7
5
