2000 3000 1
82 550
22 1917
1681 1465
1819 776
1123 1125
135 902
48 735
852 730
1163 1638
558 1105
811 480
1613 1809
547 1184
64 1332
145 1389
257 1292
815 245
994 456
1862 1136
1287 1862
1589 1618
1338 1103
981 1174
1712 930
1442 60
1836 1248
464 1408
1915 451
1129 571
783 1325
1863 1750
301 1389
551 1020
163 1984
70 601
208 181
1972 690
242 721
57 1025
236 4
1602 156
896 462
1082 100
811 1821
1471 449
1810 1433
1289 218
488 79
1291 24
452 613
1549 1513
286 705
1094 1867
119 782
763 165
570 1055
1230 1248
1228 1303
1250 1955
1861 837
1847 737
1849 1249
321 1714
950 478
1332 1241
1395 1239
822 194
164 743
1140 1222
453 124
1955 1645
1915 184
1167 1118
351 813
573 61
1637 1284
1545 708
1739 774
807 1216
1281 1770
388 980
85 849
1826 1278
1433 1166
471 1097
766 1850
641 1494
1131 1334
1934 1404
84 824
722 1901
812 44
413 187
1992 530
452 1404
185 27
1678 1448
651 1768
1629 1351
911 1303
1336 1241
1529 779
73 1910
211 1288
1236 1642
1433 1175
189 1069
127 753
549 110
160 1398
679 539
375 1996
1706 974
555 880
1870 1307
1786 215
176 968
266 238
761 1394
786 1639
713 904
1199 705
57 498
640 1093
512 626
853 782
1743 748
1650 1636
346 93
1497 993
1518 826
1712 845
1201 1271
597 838
1775 958
1365 866
1757 278
1752 740
129 1584
605 1472
603 1575
697 1845
739 1243
1367 1511
573 259
1845 697
1498 1935
1920 493
1748 672
1896 750
1260 832
1005 281
1627 964
1718 1319
1768 352
1528 752
1963 1648
412 735
33 934
934 1317
815 547
1614 386
926 1009
963 549
284 1174
1428 294
119 1476
1605 1482
510 492
1602 1428
798 1169
1404 1390
1384 208
273 264
66 795
1689 1029
1315 401
1444 535
1712 1521
1106 954
519 1411
68 886
1374 1685
1026 1814
1893 1894
1780 1972
1895 948
1665 505
610 1808
1947 1599
977 41
278 767
561 1431
1202 1609
649 154
1539 1238
15 328
475 669
1590 658
296 1203
301 1912
550 212
1947 1599
939 1832
1595 1263
1855 1556
1367 1005
409 996
274 1421
851 510
1541 1613
122 1770
419 968
700 714
1683 1083
1402 852
1406 1186
1296 1333
1394 678
927 991
1283 421
1895 1900
1243 1481
1427 183
1605 989
1047 1612
1999 1748
4 1271
398 1215
947 1041
473 1457
1479 229
1875 1408
448 924
511 61
217 1632
199 1089
1739 92
1469 355
1255 892
1345 1668
873 604
1649 1708
1779 508
500 1826
1502 1040
1701 1692
183 900
854 1066
1088 9
1263 1195
639 792
508 1879
723 1736
793 376
948 930
407 1325
826 1776
400 178
1505 1131
1584 782
213 225
1788 1201
1237 889
1613 200
1466 58
291 1305
349 1709
1564 1379
1900 1522
651 1748
944 1804
672 1188
888 1273
1546 158
1440 663
1805 1232
782 1721
785 1706
1145 1969
967 1105
1490 1090
1830 1862
1017 278
972 66
1786 1829
563 1494
473 268
1442 40
1357 995
1854 1481
215 747
685 461
1927 1001
391 1590
984 1836
1039 718
1896 374
894 1500
1573 63
4 1271
1836 1727
268 655
1 1755
48 260
944 1645
1005 1367
159 933
1527 1342
819 1512
186 1672
1828 1449
1264 1980
125 1169
1096 1543
470 107
803 521
516 345
91 346
273 570
1648 189
619 1363
112 546
1733 672
312 962
4 1279
235 1409
961 1520
1862 1433
1029 1649
1394 938
167 209
20 546
1415 1022
399 1363
144 1341
1969 1858
531 1215
1014 1031
1367 912
57 1315
219 1
136 1688
251 180
1848 123
1715 156
1838 807
737 604
712 1556
993 605
945 325
1245 1051
741 1858
1503 1825
1054 77
987 1082
120 1409
896 1419
215 1595
1513 1853
1988 1232
14 988
1324 10
406 398
1259 1666
1602 358
883 1327
107 1182
1009 1756
425 361
1207 1284
1276 1861
1471 449
1113 638
1248 1684
361 425
1754 948
607 266
1815 69
279 220
1230 948
257 881
1199 1699
1435 1552
1606 1280
599 1471
1688 1345
1309 638
1459 934
37 1042
1054 259
1360 1834
134 1726
2000 389
1943 782
1675 813
259 1342
623 774
107 1182
397 1336
1140 1472
1995 548
1766 14
300 1707
730 1402
1612 605
1033 1506
675 435
69 1815
1801 1460
768 342
1789 558
894 1682
960 268
941 920
415 1029
231 483
96 1656
541 622
1425 485
650 268
1015 1782
1180 1040
1277 255
708 1107
1520 123
798 84
1092 1630
1155 585
55 483
1681 1082
543 485
195 147
528 793
1103 1338
1806 1974
1901 387
346 1870
1887 712
1428 1602
884 276
749 537
357 487
29 1603
1502 1418
1629 682
1746 1566
461 844
1945 767
525 1602
55 506
392 1062
914 1571
1238 795
1911 276
1917 1950
204 1918
1458 926
1096 1543
844 1402
1856 1354
1498 482
1317 1404
790 685
1436 960
674 1515
1830 1283
876 1700
1829 864
666 1203
348 989
1777 1706
746 327
675 1631
1650 1965
164 297
1531 239
972 117
921 1852
1680 1441
238 607
914 31
1822 1606
930 948
1364 297
1317 1140
267 313
586 1729
23 558
598 964
951 365
1764 155
906 1948
1281 509
26 89
411 1558
1326 1269
524 1920
1116 708
11 900
1822 1373
1917 480
889 1237
1120 630
1924 272
1656 2000
330 887
1628 876
24 715
379 199
1524 508
1013 1194
452 1654
861 1189
493 1277
1866 1320
87 99
1877 1479
795 861
1021 1962
1161 780
472 1632
1975 1540
1083 20
840 726
1263 1839
1931 203
301 1912
25 767
1153 1440
1509 1344
1857 1401
765 570
327 1249
1021 262
1523 582
1364 708
583 601
1012 973
515 1786
550 234
835 852
494 617
677 1995
1546 1772
795 1801
1743 878
394 6
1235 643
414 1490
14 711
548 1594
167 817
1200 137
1612 797
1944 880
603 832
1540 873
779 1529
1934 802
1553 498
1214 346
989 63
966 832
1587 733
1220 1007
978 1522
1602 6
1637 1284
137 1852
828 1314
861 1775
1718 1251
180 347
1545 1116
220 1714
553 1948
246 1653
1301 1376
359 1726
318 1917
543 1757
878 190
1 1755
1945 991
274 611
548 1201
389 1561
301 1185
529 1782
553 1131
6 1526
1906 983
1489 751
259 61
107 226
411 1301
265 1238
165 1175
781 1992
1605 1482
882 1178
1890 1078
297 1643
1783 799
1043 1051
808 1913
788 706
1353 640
1042 852
352 1206
1751 1546
806 1648
208 1786
1275 1270
1524 1761
444 2000
1684 1114
1768 352
6 1248
23 682
547 815
864 1829
124 1325
1714 1311
1557 1399
543 1453
41 1257
1925 1523
1488 1199
1319 391
1230 1565
1147 1885
518 688
909 1747
361 265
1693 546
1901 80
457 1287
1548 466
1622 1354
853 300
740 1013
845 978
713 904
842 621
206 1852
351 80
1342 511
718 134
971 487
1858 271
1130 1579
1786 1057
786 1026
1462 958
83 571
787 940
197 789
128 1720
863 185
1108 741
646 1143
24 1978
1431 1920
793 1586
1708 1901
424 672
1005 1271
1331 663
123 152
1907 1285
394 1651
1545 1364
892 200
183 558
349 1319
1093 1199
1250 523
1509 858
996 1021
1317 560
730 1921
229 1716
559 1888
591 1895
1719 1055
662 1546
24 155
83 903
1647 1971
429 244
294 706
918 78
1855 1659
475 507
1454 1703
1850 511
593 158
870 1101
1209 451
753 933
991 659
1166 687
1932 236
1162 697
912 517
1856 1698
202 448
866 1918
879 607
47 1840
1088 1617
753 1201
394 1832
1948 1049
1687 1038
992 1626
1105 1629
1255 1051
485 1757
93 1891
1929 164
1197 1742
851 992
1690 525
1643 926
1225 89
1779 501
1517 1878
1603 1688
1660 1256
882 1178
1452 1754
832 1389
781 1992
983 1823
84 1971
11 23
1350 1479
434 558
1561 1257
1278 693
525 6
1727 41
1042 1807
1522 1352
1053 1781
1484 1422
1260 728
1685 1612
1916 1175
826 1035
1690 620
1354 162
18 1866
1439 477
893 1865
1355 1641
1546 379
858 419
263 946
1307 346
362 1784
491 372
245 1479
353 1093
662 303
793 376
1442 343
1366 319
91 633
1632 1611
65 1650
1945 505
205 1844
75 972
1899 1770
278 1021
1762 394
1198 670
1808 1052
530 1992
1033 210
144 57
58 874
1720 1026
1601 464
599 1277
1074 1770
988 109
1712 1521
637 1035
1293 1614
1974 1679
1870 465
261 483
80 1708
967 682
1160 667
1391 577
26 71
1159 1350
473 1457
1379 1530
914 599
1330 498
914 599
274 1150
1088 1035
93 91
1344 1509
1441 1031
537 1192
23 11
1763 1528
815 25
200 1276
1202 535
1659 1973
948 1452
1658 1459
1473 227
402 1034
1317 697
928 1383
68 644
118 1176
1555 313
1839 755
1727 250
1660 1256
750 1896
1549 467
1750 1551
1337 548
1492 192
884 955
1833 1916
1021 1523
314 849
1114 199
1736 696
965 856
483 953
495 797
890 1225
1338 861
604 1694
1998 1631
1369 1746
1095 1216
1561 2000
157 1631
1192 627
1974 1198
14 187
1540 397
1437 1885
416 1515
9 1530
937 268
918 1766
524 625
1022 383
1193 1418
1556 1659
1852 508
1063 707
1839 362
978 1248
361 1122
910 412
695 205
1005 1201
1875 1046
1445 166
652 421
730 641
1337 1915
1775 1735
1875 72
1714 1645
1294 1592
1826 69
1134 487
1732 1447
1655 1727
820 1247
989 1580
1692 74
1571 350
1781 1191
716 616
238 70
1573 1424
216 1617
1164 1397
1394 1970
1368 255
576 512
499 266
455 753
1198 471
1120 1727
1649 60
1875 1584
1911 1587
417 565
867 845
599 1571
1394 1718
210 626
875 137
1094 32
1468 369
1345 1540
1762 1922
553 1049
1542 1552
1561 702
763 1175
325 880
1515 189
870 800
1403 1276
1373 1972
1405 54
514 1796
1875 782
1781 1141
1005 394
667 289
833 496
943 573
1774 1412
1585 155
407 1625
1647 1414
731 961
553 1706
852 835
297 1065
61 929
58 1143
1227 1821
458 683
1389 966
428 1149
1007 923
1912 1260
1635 273
1031 141
84 125
1188 414
494 415
894 1557
1911 1964
421 1175
699 1746
431 1806
433 1200
716 1866
721 602
553 1537
1764 1474
1137 1954
908 272
1910 1726
682 901
407 1747
661 238
226 1169
1801 1171
23 363
1881 1541
1655 448
1242 1067
785 1044
626 1005
352 1090
438 1849
703 92
103 1052
882 487
761 1618
1194 339
1831 897
1025 144
1736 149
1578 1736
1920 1071
589 152
1538 1631
759 1160
162 877
1560 1604
601 1194
1025 1378
1054 77
1074 174
656 976
1941 1684
1202 112
1755 1326
729 482
1545 297
1338 1048
993 520
209 1710
1674 400
1953 247
1861 837
1076 941
703 1739
950 1031
1009 708
1556 1855
1742 550
1447 477
1408 396
1911 293
1739 1481
1167 1901
1863 1750
1022 565
1649 415
901 1572
1401 780
164 671
1602 294
1080 137
1194 601
335 1945
852 831
1094 274
812 842
1849 1806
1040 1180
1945 466
1708 1842
1971 470
510 1235
546 1092
220 1340
1649 1738
1172 809
1309 1737
1561 1419
1413 892
1047 1282
1290 602
666 508
712 1887
976 1986
33 714
1835 1397
1219 153
1534 1498
844 1628
1029 1040
1736 723
1249 369
1586 636
786 972
169 870
1716 292
1945 505
1191 109
443 841
918 109
1088 931
1829 1007
1730 437
426 291
1711 1054
1899 684
62 1065
1978 24
209 167
1170 1749
246 1149
1682 1242
550 716
627 1767
1574 1578
483 1041
549 1899
861 1600
1867 1421
1877 891
820 1649
487 15
846 1202
489 703
1964 756
153 1984
552 1773
1750 1423
1400 3
1154 994
1549 467
1143 1294
494 1502
1378 1050
1479 891
423 147
1523 485
126 199
1655 374
1079 173
1965 1646
1323 1611
841 944
1858 1152
697 1472
811 480
1347 27
1492 192
233 906
185 518
1245 1861
1346 1051
650 122
1534 482
153 1556
1705 1137
356 1375
1613 1250
347 1284
1409 34
1836 658
1688 1241
1623 1838
1215 1509
1416 1587
1248 867
349 1060
205 1035
1105 23
1192 1369
135 1813
1345 1540
1641 212
1055 570
570 389
1397 1498
1294 1611
23 363
1419 2000
160 1441
1643 743
967 1572
618 2
1274 1247
194 822
965 426
420 956
1416 1964
670 94
51 33
1140 6
884 276
1481 580
1433 1166
1540 1975
93 91
861 1775
485 278
658 173
1010 438
1706 1131
211 1894
565 417
1597 1029
1956 1233
1174 312
211 697
574 66
1957 238
909 1783
1077 1104
1005 1506
1620 1517
1119 1636
1419 1656
1226 1729
1782 845
1148 605
1965 983
1651 1124
123 1101
851 1923
123 961
1249 1806
1853 1939
117 1663
1387 1205
1019 1363
1936 1612
480 697
1041 1686
614 424
1393 439
1635 1561
260 1850
1158 1278
1699 1199
1592 1143
361 504
660 76
266 339
1549 1552
362 1784
1187 835
1127 1713
1323 1611
1503 1377
1394 1319
1776 1379
1847 632
549 655
352 1748
655 122
79 323
1726 642
1432 1023
820 494
1160 476
681 744
1662 937
781 1560
1248 930
735 317
1510 1762
1712 1015
1637 1569
1001 1654
1315 399
33 1934
173 1330
660 1552
1781 187
1164 1081
137 1232
1774 1340
1127 993
1096 1950
108 623
450 526
440 1472
1983 360
1997 354
262 30
1270 390
1042 1807
1388 924
50 913
397 1332
324 188
337 1823
1079 804
1762 966
968 574
742 223
246 1716
479 545
1612 808
268 1508
1492 924
1630 1286
772 15
1495 1402
155 1291
193 1337
1722 1294
215 1542
1281 110
871 231
116 1174
1280 1270
1965 1595
1373 1270
1884 1492
386 1022
335 1945
1659 147
1331 1636
70 238
1053 1221
1266 425
1018 1709
493 1816
1281 509
89 1932
708 1116
1294 1143
1201 6
1984 163
1966 845
866 1609
1313 112
698 89
1706 974
1922 301
629 1648
860 650
209 1484
580 133
1079 375
655 960
1117 1771
1147 1677
1973 195
626 197
650 549
1492 1896
372 491
704 779
113 1375
1964 1870
355 1277
1540 1603
1169 1111
209 1678
1638 579
34 235
1963 660
33 1411
959 1765
211 22
696 347
371 374
1868 675
1894 1950
1707 511
986 360
342 351
1498 1236
1426 436
1522 930
1735 1982
1727 41
1985 1321
1746 1369
315 1429
505 1270
1717 1167
697 211
1689 381
1746 627
1867 1702
985 787
781 1902
1714 1250
1772 379
1776 557
1298 565
276 1532
459 1349
1166 1175
1021 485
814 689
1287 1283
782 1601
1755 653
1611 1343
325 1445
854 678
973 548
1030 1808
420 916
798 941
289 1787
1661 1979
1863 1423
480 1893
1337 548
1090 1507
245 232
219 1953
125 1928
179 1329
990 944
466 1548
997 715
867 1223
1900 1697
1345 1668
35 1912
151 1686
1944 1441
988 1885
427 1513
675 157
737 29
295 1970
1757 409
547 246
216 1617
226 1647
861 1691
382 1849
258 1365
1624 1064
1421 692
846 828
188 1447
578 976
258 721
1796 1633
1561 496
372 667
157 1391
1958 1245
1092 1083
1189 1831
394 301
1812 112
52 1237
1796 916
172 1834
188 997
1239 1489
1238 1122
1659 1137
169 961
82 1907
1484 41
1631 863
511 1208
1520 904
1146 1036
281 322
622 1454
409 1085
1133 455
1062 160
840 1090
976 26
1118 351
623 1243
1295 1628
612 909
1827 169
1072 901
559 1233
1211 488
1898 229
1771 1624
1557 947
1972 807
291 951
66 551
8 1609
1033 512
414 726
1083 315
1194 740
774 1258
1290 1100
580 489
156 1690
1106 1126
430 1600
464 1568
1819 398
1323 1611
551 398
415 101
619 1297
1617 1035
470 484
1918 596
347 1792
474 966
658 498
1674 1863
495 79
1794 1581
1824 1744
1632 1592
876 1402
1554 564
1747 407
334 1234
1545 926
904 916
1747 306
705 1381
1513 629
661 601
1225 578
1281 473
803 173
126 320
1416 276
1972 1280
325 1441
779 1224
1621 851
409 485
278 262
354 197
1224 1052
1709 678
700 1411
25 1877
38 1717
1260 639
1893 664
85 314
1105 1596
1684 320
961 1796
356 1375
1953 100
1852 1392
764 331
1004 1122
1956 39
1252 1428
678 527
207 258
1046 1860
1170 1692
526 892
1460 1487
200 1613
1053 988
1282 680
1188 198
1048 1338
549 655
1919 286
1292 1786
849 1698
652 1550
1064 1771
1908 986
165 1909
1803 1443
5 807
1530 1776
1562 726
215 1648
1598 602
1042 37
606 695
1955 1250
797 1127
961 152
1255 13
849 545
1762 639
1670 1855
486 1170
1654 1934
858 1058
1908 1378
248 238
1140 1734
271 1858
708 743
1026 1814
1971 673
1536 230
627 1375
164 1324
397 1591
1079 1739
494 415
1712 930
1507 726
1475 1699
1528 1763
699 1836
88 1722
1964 1587
1981 198
918 1189
42 1200
75 1747
510 1621
603 1832
1930 840
792 56
347 345
1946 57
1765 1467
1326 1269
581 126
1645 762
915 1455
866 1614
1348 1681
228 1786
266 1013
333 19
1316 1260
1138 1860
915 655
564 1329
1522 867
1222 1317
346 955
1255 450
703 774
623 1079
905 283
419 402
1509 1344
532 868
1908 1341
1 1649
228 1748
745 1064
362 1876
821 1299
1480 811
832 952
253 495
1284 1421
1609 884
1176 480
958 1600
793 258
546 1202
304 1445
1808 1237
561 1431
1338 1863
1118 1708
1179 1520
755 1839
284 998
1770 1074
1627 410
1465 1681
798 847
431 1849
139 696
784 714
1316 98
1739 1873
1893 1620
1237 805
330 656
294 1383
872 850
888 356
1452 1754
1631 675
1193 494
1657 1320
1583 1908
1062 950
119 300
452 1086
1193 310
1722 1611
1682 1303
1497 1410
1101 1271
1360 1445
1661 1979
1969 564
1609 1870
1690 289
1655 1120
1294 1704
116 223
1043 526
1812 1461
1757 1425
791 209
1698 162
1900 1230
894 953
1009 298
1065 1324
356 979
1394 1970
753 1915
1121 866
1160 1383
1946 1908
1336 1491
1366 892
960 473
788 706
6 1248
287 902
1169 125
1963 1872
1765 1154
1856 1698
548 933
1953 1681
1392 743
1690 156
652 1550
1606 720
1441 1944
896 1656
759 372
1189 1322
1001 934
1559 1283
658 1590
1796 1520
1768 935
1614 1609
1371 450
1215 968
554 989
1009 164
1291 1883
189 1549
706 525
273 2000
1768 1748
779 1064
1222 493
402 858
941 470
43 299
1317 1404
450 1366
842 657
1885 918
796 1542
220 1645
1459 613
1581 1122
482 1534
603 832
105 1642
948 978
1090 1990
585 1590
1592 1820
1419 1265
1729 205
1367 512
1827 1802
685 1807
265 781
1530 1892
391 1709
1419 1635
1318 1369
1860 1046
180 1284
1972 690
803 92
815 229
1160 156
922 988
781 795
624 195
1194 1544
1853 674
1193 288
1306 421
1216 1275
690 1244
486 1701
1708 1842
257 331
1476 1408
1110 1030
394 1922
1488 270
245 1309
1993 1005
1329 1152
618 347
1330 1760
1473 1033
1311 1667
819 930
489 580
724 940
544 399
17 1193
1993 754
574 46
188 16
1652 165
960 1436
194 1109
510 1642
1961 1476
1995 1337
1538 675
364 691
992 482
896 570
275 715
1373 309
1274 1247
1056 1320
480 1893
900 615
461 925
1955 1340
1229 17
1587 1609
124 1577
1944 686
1717 437
452 700
1262 999
495 1047
112 408
1538 252
667 536
958 861
1250 1748
649 154
1437 1335
1029 1418
694 1122
179 1858
1611 1443
259 260
415 17
1025 284
918 109
1497 1282
1022 565
1156 536
424 1930
204 1586
1998 1631
1262 554
1373 1280
1051 1541
771 1603
759 6
1782 1230
66 1189
960 122
573 511
1231 579
1001 934
493 838
795 972
419 1818
815 132
1829 1007
1529 779
732 92
1523 1925
180 1867
187 1437
1875 300
849 1977
1775 243
228 1595
569 1257
1367 1506
863 326
1554 1178
122 268
1823 1965
703 1797
761 1590
1530 1035
1239 1321
508 1879
202 448
157 277
244 1093
366 320
1291 715
624 1137
1116 671
1724 1657
1841 228
1477 185
161 947
1536 1963
681 1464
138 11
1319 19
454 57
407 143
1801 1264
26 71
1708 304
134 498
1323 628
972 117
126 320
315 1687
769 575
906 1882
142 300
274 696
336 661
667 1383
1978 24
1620 697
1992 1077
255 1406
553 1505
902 1326
1684 1836
224 431
875 1200
116 905
861 1863
1309 229
1536 1552
195 1743
464 1860
696 1578
1930 1723
1222 697
1315 1363
1311 1825
640 286
1365 186
458 1627
418 1946
219 272
971 182
1277 1933
227 1033
600 1283
1263 663
1819 776
1040 1247
1722 1592
1637 274
1350 1159
1556 104
1495 1402
1682 608
1175 1830
717 1384
930 1230
1452 948
505 1770
306 786
24 1447
1805 1203
522 978
1129 571
1037 578
1440 1210
930 1483
411 1446
678 1394
1249 855
1391 577
1807 1402
839 1319
1416 140
188 997
696 1421
1904 1624
949 567
1967 304
1709 678
1490 1091
1987 60
1558 12
1972 513
1572 11
1141 1781
4 34
554 432
832 1389
823 841
445 699
1868 40
599 1222
1725 1622
1226 1379
245 1309
1045 911
1283 1287
123 961
1973 1328
1534 1397
281 1506
773 873
941 1169
1092 308
915 650
516 345
1192 1128
379 302
858 1215
1784 1636
1749 924
1608 1152
1103 1204
281 1027
1210 316
1441 304
1140 205
185 60
1243 375
1621 482
1043 1276
1078 574
1837 1098
1651 832
1103 1691
1757 368
1807 280
1622 545
559 1947
733 1587
986 1846
1259 1514
233 1960
1030 1064
1630 1687
1751 366
525 175
920 946
842 1131
223 284
1951 1049
1378 986
1659 1240
58 1722
705 1475
59 200
112 1444
408 1083
1956 41
863 1538
67 671
1248 978
1581 1560
1275 1396
1342 412
553 1706
106 259
895 219
543 767
1831 795
356 1192
1827 1796
307 891
1062 1441
921 1805
146 235
1847 1336
918 1885
1947 559
1863 1183
1443 475
493 838
834 1932
1329 1145
1218 306
863 27
934 584
1004 1581
505 1665
1786 1613
721 552
1972 505
1557 947
898 1271
1073 568
1043 1302
1247 415
1725 1622
259 61
1586 689
438 228
114 60
705 1660
1580 69
421 1909
875 1203
359 1558
1692 1749
1605 1158
1822 1270
1974 1741
932 1721
1490 1768
1851 1171
1869 200
260 1707
111 829
52 1434
297 446
2000 1055
226 941
1074 937
1380 66
743 421
1748 651
1670 1855
1720 128
1103 1048
47 1278
1444 405
144 312
960 110
1523 388
953 701
518 1868
1825 990
60 972
404 169
708 1107
1891 955
722 540
955 1430
1385 1236
69 554
1239 964
1392 1647
1047 1685
1323 874
473 110
921 1535
1421 180
872 1046
1451 71
857 906
1828 741
1033 626
1472 488
1549 1963
85 1460
1303 231
874 942
1132 110
639 56
1236 1235
1770 1135
197 1087
99 874
861 400
781 1181
844 685
1629 900
1630 535
361 694
607 70
1857 331
1536 1515
1170 1655
1584 1476
1372 682
471 1125
1154 1614
1261 1856
1661 567
1425 1478
1329 971
1465 654
219 1465
1698 760
1077 694
580 133
1503 1714
1782 819
1363 1764
1015 1173
712 1137
1125 1299
1349 235
40 675
173 801
116 284
1444 408
1047 488
1213 694
426 1790
1500 894
1315 619
1392 436
1756 743
262 311
1515 189
592 119
1749 1120
575 964
497 624
655 1254
58 1466
1315 57
1806 1849
920 45
1956 1454
1692 924
1959 1423
1742 1657
730 641
400 958
152 420
828 52
498 1558
305 388
1407 20
171 100
4 851
957 700
1578 25
217 843
622 1678
1099 82
1823 1839
54 100
759 525
1178 1002
1805 1200
1165 1554
1638 642
1401 490
443 1774
830 414
468 1025
1026 1783
1330 906
854 1970
1609 1307
669 874
838 597
1383 1160
84 226
1460 162
1292 1386
1026 1783
345 347
562 1765
1140 1684
763 1862
1317 714
1222 1406
1224 862
239 320
1267 969
195 1708
1917 480
1907 1866
1110 1084
1411 519
940 183
81 1921
233 1505
1157 1004
1655 1701
1440 1636
808 1047
80 1708
1937 1375
1525 1766
730 743
1770 466
1397 532
1338 958
924 1492
374 1749
1660 1744
451 933
936 453
867 978
682 1789
1756 364
899 1118
257 1007
667 1428
1819 402
919 1329
885 320
278 305
535 1619
959 370
1852 921
767 827
1063 1053
47 1573
1494 563
1584 1408
674 150
655 937
564 556
1948 1000
458 659
1009 298
803 489
1918 258
917 1877
1886 574
882 341
1880 1780
11 900
1242 1557
1015 978
972 1770
1807 730
256 1307
1827 870
510 851
645 1969
718 411
1655 1006
487 1969
1229 17
1684 1614
716 1641
1614 1022
1055 225
1862 1433
1688 1847
425 1077
72 1875
571 661
1199 1952
1175 1909
1855 1984
14 1885
911 947
347 274
487 1145
305 1425
1490 1930
194 640
1595 1823
507 475
969 851
1443 99
272 100
829 1641
1769 109
972 1720
1329 487
260 1850
526 200
1259 933
377 1726
611 1016
1950 1543
1039 1382
904 870
669 595
1884 374
1790 426
294 757
1403 1276
1533 857
841 944
210 354
694 1181
25 770
155 16
1140 1770
131 1546
1324 1009
609 339
8 1609
994 1154
158 662
1101 385
1853 1542
1800 658
1438 30
1115 763
1030 1771
1807 280
1300 1691
99 1143
1753 75
1501 93
80 1901
1964 91
1635 1419
1098 1118
125 920
1118 1234
50 623
1082 987
52 1434
1506 676
1618 761
1889 1145
1773 552
1682 1686
1481 1739
49 1360
1742 1907
107 1647
1789 7
666 1740
863 675
1806 1593
125 1169
1029 1649
1446 642
1707 441
994 1614
437 1464
1605 554
1614 940
255 838
1784 1263
1169 107
1557 1682
519 102
526 1366
1622 68
217 1294
1420 1479
1616 1922
1492 924
33 519
97 1956
1046 794
493 1816
662 1546
1901 80
1674 168
1920 1571
314 196
1949 1825
93 955
911 1248
629 1853
1731 967
1691 1600
1838 1606
787 682
1030 52
1917 480
1192 1130
1582 496
260 48
41 1947
1708 342
297 446
1762 966
892 1051
718 134
1419 570
1899 937
1576 1181
659 1991
210 1506
126 366
359 498
208 257
1250 443
1737 1309
1905 1830
338 265
854 658
1622 1264
992 1534
480 975
1612 1472
80 1196
1995 677
41 1454
672 651
844 641
815 638
1801 162
1836 356
874 217
629 1075
419 398
377 254
793 1586
1140 1472
1169 1971
179 1554
127 1514
851 532
528 719
269 875
1463 210
1938 1047
246 25
1641 1866
1298 1485
1365 1068
1860 782
1274 1247
1924 1268
1202 380
308 408
1247 820
399 1447
235 4
1759 308
1853 660
220 279
1559 1144
624 147
434 558
1891 1695
1621 1417
840 1768
260 825
1972 1780
9 1226
66 1380
1338 1600
519 1654
1894 1845
767 543
1166 1916
1092 1519
1418 288
789 738
810 797
1517 1917
1799 846
942 1968
1005 237
795 361
1167 191
858 1819
1126 95
1664 644
286 1093
1201 1915
1937 566
1976 1701
126 366
496 273
524 1406
106 260
340 1415
1320 1897
204 148
1611 1343
267 63
1939 1853
17 1502
753 378
893 29
304 883
1408 1584
1283 600
1744 1199
1654 1001
199 1289
1320 1831
1460 545
74 1692
1729 1387
422 106
1673 541
305 1308
1605 1158
265 1238
1869 1613
1149 547
106 511
1631 40
814 689
648 485
685 641
119 872
1660 772
306 1325
1581 795
1707 533
395 351
1142 443
212 332
1331 970
170 40
514 1304
1595 460
249 1277
778 1884
154 1191
1845 631
1559 1433
994 951
1241 658
29 221
969 992
1114 662
144 1758
1280 1696
665 642
16 1177
1276 1255
1278 3
7 1789
48 106
1281 937
565 1298
1329 1969
58 475
652 1916
1635 1588
1506 210
797 79
1986 976
436 125
1989 997
24 1764
1032 1220
55 911
1763 668
1727 486
736 743
866 721
1866 384
344 1233
537 1130
539 1945
1248 777
1737 1309
1349 330
878 1556
759 1994
1893 22
1420 1496
1174 116
727 1749
840 1011
210 1993
1915 973
1392 1272
641 1361
1805 875
126 1289
1354 1801
290 1154
1722 1707
155 715
1718 854
539 1528
1782 529
1198 710
345 516
1821 1950
1394 349
1956 97
1338 36
288 588
1644 820
1780 1972
990 1168
1748 1930
950 1834
638 25
933 1432
1699 1102
534 122
1845 697
537 627
210 512
208 1786
656 236
806 1648
1590 1914
1029 1418
1874 22
1609 1307
1446 572
269 875
158 126
1753 75
55 1041
1910 642
1330 233
1276 526
299 559
721 1586
1805 1859
1460 849
1502 1745
1504 626
1711 1070
976 89
197 1506
921 1232
590 1212
1957 201
461 835
359 1728
770 25
1241 725
1236 1498
1393 1689
1475 1795
795 972
218 1289
1369 888
986 57
1432 753
1832 639
658 57
1655 1749
1950 211
967 940
1262 47
225 1257
421 911
147 1954
265 1004
1772 635
1499 1056
1340 869
795 694
34 1669
1102 1699
172 1834
1356 1582
1292 331
379 302
1849 327
737 86
844 130
259 1054
849 314
1149 891
651 1817
1375 1106
1727 1722
1447 619
1243 173
461 641
352 1748
1547 433
640 1488
1856 1698
433 1547
1392 1248
148 204
92 173
1022 1415
772 1811
1659 1954
489 774
1784 865
1341 1456
1366 1255
824 84
1373 1493
1711 1342
1733 672
1013 403
1365 1068
836 1114
1561 225
1548 466
1869 1339
944 1503
255 1471
488 605
1194 571
1631 40
1530 1088
785 1131
195 1615
1290 204
896 1561
698 89
716 82
1671 1222
1726 587
1250 215
1924 219
1090 726
393 972
532 1534
453 1026
1008 1580
883 325
1470 1246
1798 1514
219 1082
245 815
141 1212
134 329
758 445
1031 1360
579 498
1281 655
219 1082
818 1418
1497 1127
816 1852
70 995
320 1751
466 70
1528 1763
1776 1140
1793 1868
1965 983
1570 1534
545 1801
1567 1333
1116 1359
782 119
447 656
17 288
346 1911
53 621
1763 964
1640 179
272 1
21 114
1572 1146
889 1217
1220 257
1366 1613
993 808
489 1843
844 203
964 568
291 951
709 599
493 1222
1924 1326
322 503
223 284
1855 1984
152 904
15 1140
262 767
1506 1033
1 1708
1175 1871
1757 368
853 481
1370 613
1692 1701
933 1259
1409 26
391 1024
1005 851
780 1057
1610 1529
1970 761
1747 222
1358 1354
1312 9
60 1770
634 394
514 1101
369 327
121 1403
1378 360
1836 1126
1111 1169
9 1088
1649 17
1049 553
1972 1280
1984 1137
265 1181
1246 1686
1926 1822
244 1744
1620 1676
1253 1505
629 1075
532 992
127 1450
795 240
273 389
1394 658
285 1710
289 1428
1391 27
28 389
594 1226
1736 1637
1406 1277
229 1877
1654 1003
373 1048
1216 1822
1856 1261
1885 1310
907 1751
486 1170
1362 259
1801 1851
115 384
155 715
859 1416
996 1190
884 775
408 1778
442 486
1636 983
331 1220
101 1059
602 552
1248 421
1592 1294
1381 705
339 740
194 1699
90 48
1364 1785
252 1538
789 1033
85 1607
866 204
538 411
1954 542
469 663
1092 1519
976 330
1786 1333
1894 1486
236 647
177 1122
1606 1780
1572 940
61 106
972 909
215 1684
579 718
959 291
1678 1448
565 965
884 775
1151 1601
70 83
1716 25
463 386
47 554
1942 1507
1225 1932
1139 39
1896 1655
1721 1408
193 1337
282 1057
526 848
1572 1789
355 255
1260 1651
1932 1409
1791 1170
1659 1240
1239 1528
1748 726
379 1289
1974 327
1061 366
699 1106
244 1093
916 1940
734 1545
1563 1955
367 861
502 1158
1406 1431
1643 1028
63 1516
1112 1857
1350 1159
1992 425
214 226
204 1365
1062 304
1909 1903
564 556
1041 982
518 863
300 1722
793 689
1965 1331
682 1572
549 650
1493 1864
199 1751
1093 1744
1233 1454
1311 1955
1699 772
621 1948
1 1262
458 1489
1200 809
26 1225
39 622
1078 1215
1 241
1727 41
433 1779
1411 1634
1661 574
1398 160
