7
976
471
240
1093
1840
778
1930
320
569
1037
2106
100
651
1425
786
1249
962
2186
392
1244
347
1797
202
642
461
1383
2020
1932
1388
162
1086
309
75
1928
229
952
28
1282
1474
1252
436
911
2081
1344
1685
1017
2122
770
281
1774
1187
169
1090
1035
158
1200
1967
1660
646
1689
1275
225
1612
937
1968
767
541
363
969
1084
1874
1525
688
1419
295
1176
12
795
9
2107
1599
1314
932
1167
828
2039
958
27
518
1003
1946
2023
2187
1652
444
1062
1154
894
2130
950
1420
119
188
219
2163
1759
1468
354
1861
1066
194
1163
1030
245
1111
31
407
110
615
1533
573
1181
820
1400
205
528
691
1575
209
1386
1505
1619
680
361
1212
2148
1146
1124
698
429
1911
539
1487
635
1636
644
1880
1522
752
397
1449
18
1785
1
1765
1853
837
2134
258
2181
98
1663
1032
1639
895
467
1936
1070
1178
1542
349
11
1966
756
702
1245
2068
1727
1644
1134
1540
844
1369
367
2139
2123
452
391
1316
574
1324
1204
1863
1630
377
1113
1832
131
1892
1370
2153
1422
1365
1007
1676
1445
288
2135
1733
689
1492
636
897
732
1812
928
1345
874
2158
637
1068
1266
1794
307
1768
364
154
151
173
111
967
1983
2156
955
720
913
274
1256
1872
1867
599
1978
1157
839
293
2037
1371
1180
2108
275
446
462
1486
977
2013
39
1635
960
448
2100
1748
771
1076
1996
1309
1005
1144
57
86
1265
1586
159
1217
1170
1483
1179
659
2172
878
165
2005
2110
1306
1804
1845
1615
1755
1189
717
1009
1815
864
1214
1958
1519
1008
1972
2009
1029
729
1341
1119
1829
1264
1706
686
405
1296
1642
1891
1709
1298
2091
880
1453
1287
346
1150
802
973
268
1232
2030
1616
619
1128
127
181
793
1837
1908
1041
386
1731
1904
790
1532
724
292
1465
2169
1745
498
257
1945
26
2076
2133
1617
740
1481
2161
1475
610
1518
893
1737
1359
1231
1024
164
995
1207
359
1850
1096
1914
1823
389
1819
777
1347
1374
546
1803
215
1876
1838
2067
1848
48
1719
234
2021
1355
1054
1459
1949
1107
2010
2096
2008
561
1859
2098
1569
1576
994
1651
1846
1209
1433
339
1268
815
1464
1074
1073
231
2080
487
1462
789
430
385
302
139
105
1148
594
411
1317
764
1071
353
601
1534
1294
1927
516
846
203
394
1528
106
521
1806
595
1933
112
1955
1980
1937
378
1658
1043
81
1738
1105
886
1750
1431
961
466
807
612
1878
842
1411
1947
1512
1257
1675
625
1201
2105
739
1210
1077
1894
337
1236
1427
1098
422
662
1607
2118
2002
184
650
554
1508
2079
875
379
195
1033
2001
1843
2170
1656
1255
137
1896
1258
657
1391
324
799
1836
2084
1912
133
965
1334
604
401
918
2185
629
1987
2094
1645
1276
55
533
1587
1526
129
23
2006
730
520
1412
2086
419
480
1206
791
1537
1988
704
1923
66
24
1763
1667
1613
310
515
1067
1800
2066
251
1889
758
1303
1974
114
1580
1025
1842
365
988
95
731
1581
1461
695
1772
482
1021
1951
1929
602
566
588
1882
1584
685
1545
29
190
1994
956
862
1423
1771
524
627
1503
586
230
2027
1311
1346
868
1559
899
1620
1902
1289
718
684
1141
560
1495
1704
375
989
1826
1624
585
1183
40
2125
1241
745
1424
779
749
829
1592
1538
1536
2142
1238
1094
1367
1963
1572
648
1905
1184
2072
101
1307
1058
1489
811
433
146
1664
1340
1574
144
213
682
558
1020
1993
1331
727
1696
2042
870
440
845
1779
1290
1406
891
87
1805
2182
873
369
747
212
1852
1408
801
1373
148
939
1476
1977
1159
843
1338
1322
576
134
1692
824
850
877
1352
744
77
763
979
1302
556
1883
924
1063
2004
1147
1133
382
2051
1760
1351
141
1321
108
1116
1432
395
2179
998
1589
473
827
1557
7
2014
216
62
1516
6
1479
1903
1414
872
2155
279
1582
1417
817
2115
2112
1079
1673
882
21
1502
73
94
235
121
2149
506
1735
831
1390
871
1095
130
1777
501
935
1114
733
715
765
1666
93
50
217
901
2117
1556
1531
1710
800
398
999
1038
591
945
356
1753
221
1511
1985
2177
336
2087
978
687
432
1959
437
1366
553
64
614
447
640
1600
2022
1654
959
200
1611
2127
1662
992
42
1195
1766
2061
1186
1190
1228
716
1330
1149
155
153
1509
1470
1864
908
1078
1166
36
1161
1588
1046
1040
1418
1608
1913
246
345
1919
867
617
537
1335
666
649
1131
705
227
2032
2015
1885
1213
547
182
816
1520
917
138
426
1379
555
535
1382
1715
1544
116
655
997
798
944
1700
1808
37
1506
712
1695
703
1567
1215
1690
74
1127
948
626
1657
210
1523
2053
661
366
1573
372
883
692
622
1796
603
1901
759
1305
387
124
1404
665
1360
457
445
2063
355
84
1940
1342
1199
1350
1793
2174
1646
1742
51
404
1272
723
1448
1906
1198
68
2044
370
1103
1333
44
418
192
113
563
403
1299
1687
751
1631
1380
1773
2141
2071
1741
92
1682
1472
58
1405
2129
304
673
570
145
1716
1223
1498
2007
1818
308
1392
760
2017
442
903
1816
1048
1764
178
1443
2159
1169
1604
562
410
1060
264
993
1050
1145
416
1469
333
647
1869
532
1907
847
1196
1075
424
1239
1915
1034
150
641
1724
1099
639
297
1602
1992
374
25
658
1618
170
1986
865
1083
152
20
565
909
30
1174
1868
564
1971
1962
2058
360
1488
47
1402
514
2164
1123
710
1177
1284
435
434
492
1018
373
338
1884
1019
128
1739
1870
1990
938
1579
809
1011
1457
946
1104
1535
2077
896
1643
1385
488
1160
630
2178
559
797
803
2062
1329
1551
417
1712
1788
654
885
984
582
1740
1297
1349
255
1970
409
1440
2056
1478
1609
321
220
774
1886
136
1101
2162
109
931
638
402
1310
936
2145
983
825
319
1277
1234
2131
701
1810
577
494
1216
679
1444
451
1625
472
38
1550
1027
326
1137
294
683
143
335
719
757
1549
296
584
1807
341
1871
491
1941
681
1125
1281
1097
19
1493
2146
1809
329
1757
1270
671
1943
1529
311
1552
206
926
460
1969
286
881
427
1118
1898
79
118
1942
1614
1834
1637
725
1191
271
1142
1407
859
2057
53
233
2113
1328
1789
1541
1594
1801
1069
301
1897
1991
1877
906
1269
449
974
986
1463
1059
1925
2176
61
1728
529
632
1916
2025
1173
1821
388
1323
1413
332
2111
248
82
380
186
1122
1688
1521
287
1394
2029
1841
193
454
1661
508
1081
1952
957
766
1451
1466
1775
578
568
1364
1802
1881
925
252
1504
527
942
1480
609
1610
863
1721
1824
1778
590
1770
1227
575
2167
276
1235
631
496
634
589
1401
876
147
420
237
2073
1415
1953
2070
1325
2147
1976
2152
1229
834
1590
1984
470
1501
1597
2090
390
2043
485
624
971
746
168
357
1262
2102
290
2103
1072
413
1918
670
33
1647
1539
2175
2016
2183
1782
277
1798
34
259
1530
104
1490
1220
1713
1446
947
851
2097
1686
1202
522
697
1950
463
2092
97
1398
1655
1743
1452
2
431
438
2180
912
1327
1684
1752
412
2168
1999
2082
2165
330
267
1732
1703
428
2171
323
439
1194
915
99
1562
1787
455
2018
1421
32
1271
869
1981
1910
674
1917
743
690
1165
1028
1313
368
1293
126
1315
1387
2095
788
737
1786
2026
1378
1023
2143
1718
474
823
161
814
1291
1669
2064
1524
1900
1006
1136
581
1862
1138
544
677
262
838
1515
1121
633
1583
468
1428
1893
1108
1622
325
1633
85
65
1851
819
735
1811
2036
1725
1393
1560
352
1205
1839
821
156
163
1117
250
1300
8
1585
726
1708
696
80
1632
265
177
736
1045
253
1831
490
218
1106
1267
1482
620
189
504
753
14
1982
543
1042
1875
854
1593
1828
1467
2060
987
1909
187
1784
530
813
787
1251
1312
1895
980
664
951
1939
459
1455
1237
985
1591
1873
1554
201
919
1855
1565
1730
15
826
551
1219
776
1218
652
135
2049
1053
1279
2119
2120
606
180
1820
1680
1002
1263
1577
1031
1747
1013
76
835
362
1410
1621
1430
1720
247
46
1253
1225
810
517
1995
1979
1052
1956
1100
1671
228
1887
852
1260
861
605
70
1395
1308
1301
2184
13
1363
748
1397
1746
1092
1736
1817
509
83
1240
1442
916
511
1722
1595
236
1653
1865
1057
198
512
185
1143
728
963
1460
1396
1319
1120
318
140
443
2083
1691
1085
1751
930
479
1973
4
1948
2151
1129
376
1517
1320
1761
949
239
643
300
618
822
613
2160
415
1711
103
892
1065
1670
1835
734
242
1547
833
1458
907
675
1629
1749
621
1729
414
1568
2012
52
996
738
742
331
1358
1164
1726
2121
1514
183
22
991
371
694
1242
260
1168
2055
5
879
313
298
656
848
1866
1965
122
2101
263
660
1087
1890
1471
59
538
1790
334
1879
1434
1756
1193
1403
1286
199
1357
1001
45
1047
453
849
458
1162
43
224
1438
922
2089
1626
1248
499
223
450
1226
179
2024
1348
1543
1261
1935
534
1014
270
469
1326
796
2047
587
580
711
600
1500
920
1158
1844
3
923
497
1049
2075
1292
384
1185
283
741
768
1707
1674
243
1578
678
2116
1678
322
1957
17
1368
91
713
1623
1944
174
853
280
1566
943
1931
549
1699
1484
982
2138
266
1638
513
2109
804
1564
1362
125
1693
1318
1734
653
1285
348
1172
102
1135
1497
1339
1627
1139
1598
523
383
1659
1640
16
60
531
1679
1115
1409
855
1926
1130
2048
676
598
1776
1337
1055
1494
2038
465
1860
1975
1641
672
2126
89
176
1665
316
1381
1230
1246
1051
645
167
421
1435
542
2157
1222
904
954
1295
1571
782
244
1197
754
808
1056
933
1650
1767
722
142
284
1795
2000
755
500
502
890
1233
836
1356
2093
1384
481
596
1343
783
1561
1022
1485
214
489
1004
1332
41
1372
1548
1922
2031
317
476
784
2074
1849
1336
663
1758
805
841
1429
858
866
441
552
2019
794
171
750
408
1039
1705
1558
1792
1151
557
423
393
2050
1082
2069
1250
888
669
241
540
278
1416
1377
1126
1697
884
1000
1389
486
78
1454
495
668
1648
966
2154
477
1283
1156
616
536
305
1280
572
1762
1888
49
2132
1012
1606
708
1288
902
1274
1171
900
940
1769
623
1744
1668
1456
1426
964
1854
1683
1182
2078
1203
2173
2088
1089
2065
1175
1361
699
567
478
503
1714
910
157
592
780
1221
1961
1997
507
1353
120
1153
1924
772
1278
905
2137
166
484
1254
1847
396
1702
273
1208
1694
571
667
709
1858
1830
1026
921
1513
1989
1080
1827
775
1064
1781
1091
1813
90
1399
2040
607
232
505
56
700
628
929
1155
2085
381
1447
1450
1857
1555
857
343
1140
1439
785
1152
1998
285
2059
1436
483
117
548
721
351
1601
1934
1754
707
1628
1473
714
67
914
1132
399
519
1899
1102
1825
1376
2150
1856
123
342
1603
1192
1596
493
1247
2054
934
1044
1822
2128
1780
2046
693
792
2003
769
282
238
1112
972
2028
208
968
2104
1791
860
583
226
1375
261
10
2099
1563
312
1273
1441
1960
887
315
1010
806
2144
1507
72
197
812
149
254
306
344
1477
1015
291
1109
175
303
1188
96
1016
2124
706
425
1920
88
1553
510
1701
328
2034
1921
71
608
160
1211
1677
211
1723
545
990
1259
222
1698
54
1783
289
1938
1546
781
550
340
69
475
762
840
204
1570
579
1496
830
299
832
1437
107
1681
1499
172
597
889
327
593
2033
196
249
63
526
1964
2052
269
1954
1634
2035
406
1649
927
456
1354
115
941
400
2045
2136
314
1799
1243
132
350
975
856
1814
953
1833
1672
207
1088
1491
2041
1605
525
2140
1224
191
818
2166
1510
464
1036
981
2114
1717
35
1110
1527
272
611
898
1061
761
773
2011
358
970
1304
256
