6
316
475
336
411
382
300
256
46
665
454
276
530
55
407
547
298
110
47
494
279
376
116
718
720
423
149
363
469
241
6
367
409
273
195
540
89
416
464
448
364
666
253
217
278
410
75
491
271
198
51
181
218
428
612
657
414
625
402
131
509
501
583
535
161
251
311
707
94
308
103
127
412
377
216
548
457
83
293
514
729
227
321
568
528
270
430
692
340
521
677
393
228
232
424
603
165
608
490
686
368
467
150
49
627
574
713
649
515
458
312
505
558
700
26
658
470
69
290
387
50
80
143
506
601
64
598
272
36
362
431
500
512
650
154
226
546
191
588
489
663
37
683
593
288
386
662
13
43
338
635
325
632
462
192
247
118
164
656
210
446
670
62
145
29
606
617
130
185
125
419
401
248
184
599
716
507
244
486
450
594
177
682
231
579
313
551
396
496
326
151
565
79
100
520
374
310
333
438
59
482
684
20
624
91
327
538
378
463
132
144
139
250
206
705
680
280
711
600
194
102
355
56
497
5
372
704
578
162
141
297
136
408
483
611
724
671
554
531
353
381
397
620
498
77
318
39
695
356
229
153
715
473
553
595
605
437
371
230
699
112
67
380
7
252
702
563
560
187
138
616
566
98
179
221
163
508
186
644
633
237
54
14
196
304
585
259
727
233
629
104
9
689
24
10
478
182
235
242
328
183
212
621
697
81
385
302
647
675
21
694
254
157
213
523
294
160
503
339
295
549
169
455
342
292
134
725
527
65
360
74
681
142
708
701
209
82
111
22
225
573
260
15
415
214
322
383
576
561
40
436
669
234
484
307
596
224
630
655
703
592
167
269
72
71
399
35
481
587
426
728
53
255
555
126
432
58
345
645
572
108
236
193
646
48
66
709
542
329
577
42
392
404
726
282
57
359
19
544
319
261
90
641
590
534
567
211
453
109
201
405
85
178
513
664
654
34
550
610
2
441
449
121
673
349
305
33
456
434
433
420
147
570
614
105
1
517
140
199
640
207
693
25
492
495
148
674
115
476
78
607
17
639
348
205
460
262
580
417
582
337
239
569
88
373
488
352
442
418
543
106
263
215
45
539
651
516
429
471
668
219
465
477
257
636
38
581
706
289
511
159
249
637
344
622
427
439
400
173
421
30
281
591
190
525
451
604
286
688
425
403
487
395
240
480
526
122
335
320
86
124
499
422
589
275
60
306
584
331
375
370
712
522
719
661
76
285
556
691
301
68
146
101
721
714
642
175
155
41
303
223
518
197
389
413
351
444
44
168
123
552
114
28
332
609
698
52
502
27
238
73
459
354
559
722
479
394
564
613
660
267
314
156
504
245
107
648
510
619
350
493
63
398
180
323
171
557
84
189
23
222
541
379
296
317
440
562
11
128
388
268
129
324
99
152
31
18
626
188
208
366
265
586
519
274
133
638
536
443
315
266
365
61
690
346
452
70
158
334
202
277
309
203
474
717
679
384
652
204
676
135
723
529
113
172
687
390
117
435
672
447
347
369
667
634
391
92
445
628
97
358
170
243
653
200
678
12
618
246
472
533
643
571
16
485
291
357
575
341
284
176
283
532
220
4
95
258
264
602
545
137
597
361
406
3
685
120
32
623
659
343
466
710
119
615
696
96
299
330
537
524
174
287
87
8
93
461
631
166
468
